-163.75351
20.243277
-4.4229862E-5
-348.17154
30.380766
-309.0101
-184.66776
158.33284
-565.515
163.75351
-20.243277
4.4229862E-5
252.93805
-317.0044
-183.24557
110.25224
-30.301178
-262.8824
30.51615
235.24062
-36.477615
-26.984339
-218.28354
-47.425133
-131.58263
-392.11734
-101.656235
-169.18347
-825.21265
-117.1364
-144.24945
-1227.323
1.5463333
33.723648
-417.57715
-73.81823
75.54213
-846.59265
-132.31552
71.45096
-1212.577
73.69096
-162.50038
28.61167
6.804596E-6
-385.577
75.008766
-278.71872
-279.46423
171.74127
-575.84314
162.50038
-28.61167
-6.804596E-6
215.85196
-353.7351
-145.0805
83.39639
-67.38904
-241.83504
21.293783
238.70132
-12.971055
-38.357025
-217.84895
-41.177425
-145.61136
-385.82404
-107.3656
-193.19458
-817.11224
-138.2092
-155.02486
-1215.4028
-10.507751
7.403988
-422.78775
-43.62973
41.82605
-853.42114
-94.57118
71.10331
-1238.1357
71.37308
-163.2934
23.669956
0.0
-341.33548
59.594334
-310.8222
-293.72977
188.2833
-610.9436
163.2934
-23.669926
0.0
202.77228
-378.08102
-49.3375
119.533714
-80.621704
-165.48087
42.43899
235.7638
14.640835
-31.942722
-220.36516
-32.308765
-133.59552
-391.12665
-100.18535
-174.96521
-823.5819
-122.45604
-132.34564
-1223.1504
-0.2733841
19.679173
-423.3389
-16.919018
51.040634
-855.04254
-60.201996
99.69336
-1255.5723
56.454872
-163.8324
19.594503
8.5057445E-6
-262.17554
74.0037
-342.00623
-162.61261
160.08939
-644.6223
163.8324
-19.594501
-1.0206961E-5
284.9415
-332.34528
130.84169
236.15938
-38.153534
-10.478973
46.20033
231.26924
44.497955
-26.715885
-223.37521
-3.8444118
-134.65015
-401.96988
-27.38469
-175.27496
-834.6024
-47.477943
-150.97064
-1235.1543
76.48788
36.244896
-422.98428
13.248241
81.8263
-852.7052
-36.624496
112.62114
-1260.3325
59.768967
-163.838
19.54757
4.0827577E-5
-255.32849
47.072227
-347.09058
-166.29059
149.65518
-647.838
163.83803
-19.547531
-4.5931287E-5
258.34503
-349.5893
108.35515
211.14279
-53.812347
-30.16536
46.128006
231.92236
41.03935
-26.641272
-223.29419
-7.412775
-131.86337
-403.33255
-32.201904
-171.32843
-836.031
-53.167984
-145.46378
-1238.8091
63.025284
33.588516
-424.09857
4.833598
81.92952
-853.5252
-44.975163
117.995224
-1260.5172
52.270588
-164.34213
14.719491
1.02068925E-5
-315.50436
-94.073555
-308.08124
-207.3433
63.72564
-576.96893
164.34213
-14.719522
-1.02068925E-5
259.6808
-359.86215
37.24404
174.6318
-79.830505
-115.23202
37.72202
236.36563
17.559954
-19.995201
-223.2448
-19.671343
-115.76524
-407.24707
-52.401413
-153.05737
-840.0232
-75.62123
-129.76627
-1244.658
34.50724
42.31283
-423.78607
-20.62139
88.98949
-853.01166
-73.64649
120.152115
-1253.5867
48.699295
-164.3891
14.185467
-6.804596E-6
-304.4317
-124.15602
-301.41287
-173.50911
62.86528
-539.70325
164.38908
-14.185498
6.804595E-6
290.7883
-349.27908
-36.544716
177.94229
-85.05829
-198.88132
30.336596
237.90761
8.92502
-19.237469
-222.9342
-23.563923
-112.45877
-408.1765
-56.655952
-151.11533
-840.7494
-81.38221
-125.940506
-1243.057
36.579056
41.593254
-423.7887
-31.119843
88.676575
-852.3404
-89.012924
122.93129
-1247.1738
50.030823
-164.75192
9.044458
0.0066941287
-313.74463
-187.51517
-262.22504
-161.45341
24.844925
-463.7457
164.75192
-9.044458
-0.0066941353
357.1612
-254.89957
-179.2661
188.82544
-16.001434
-332.53302
27.457447
238.2802
-8.284989
-12.196681
-222.1477
-33.56542
-102.596344
-409.46014
-62.581963
-140.37349
-842.2667
-84.40748
-127.29602
-1239.5336
51.268806
57.158314
-418.2442
-62.480007
106.176254
-846.42377
-121.50963
120.64673
-1238.9327
27.242874
-164.76823
8.742257
-1.7436774E-5
-286.5816
-308.2678
-119.44102
-190.55672
-75.31038
-332.5374
164.76823
-8.742256
1.7862061E-5
326.1891
-158.33939
-284.89294
141.39941
44.688522
-468.01163
17.814198
238.51201
-19.866407
-11.698175
-220.47946
-43.32393
-103.746155
-406.58524
-74.816956
-142.68076
-839.32355
-95.95114
-130.04121
-1241.6892
23.807251
59.427307
-413.34894
-86.24871
108.66621
-841.9419
-142.00372
115.02585
-1234.5183
7.1380615
-164.85359
6.949109
1.7011485E-5
-281.28528
-330.89362
-43.657307
-199.4461
-112.72217
-277.33136
164.8536
-6.94911
-1.7862063E-5
301.32703
-135.67197
-307.2547
130.97449
46.810074
-523.0794
23.2342
237.78882
-22.730038
-9.285989
-220.2924
-44.833332
-99.34236
-407.9171
-72.883484
-140.71155
-840.8435
-82.28334
-111.38637
-1245.9901
24.469849
63.286858
-411.21515
-93.63582
114.30069
-839.8504
-147.43538
117.94615
-1236.9906
-10.810455
-164.99403
1.4027674
1.1908043E-5
-258.5128
-345.73807
18.640894
-183.01227
-110.579025
-200.21953
164.99403
-1.4027672
-5.103446E-6
271.01355
-68.51843
-337.4246
130.05013
81.527374
-595.3307
27.527903
238.41455
0.8431397
-1.8966376
-223.0862
-29.222353
-86.0085
-415.48547
-26.447126
-120.394485
-848.6936
-45.76819
-98.537605
-1253.994
62.184982
76.44847
-410.93347
-80.94699
137.93585
-837.95496
-136.59737
133.51137
-1244.2003
-30.084076
-164.99489
-1.2978214
-2.7218384E-5
-260.01035
-344.9223
49.94265
-179.17438
-113.606705
-171.09726
164.99489
1.2977929
3.0620675E-5
237.44064
-32.048027
-351.05502
130.09033
102.72434
-632.50183
22.556461
238.71933
10.211712
1.7612864
-223.91472
-22.002125
-79.03852
-417.28857
-8.662792
-113.57031
-850.36346
-30.541452
-91.152275
-1254.0303
83.258995
83.361496
-410.88068
-71.853226
147.72495
-837.64966
-126.17287
131.70906
-1239.7429
-5.904335
-164.98141
2.47629
-1.3609192E-5
-253.49718
-342.242
54.168858
-185.56284
-107.59775
-167.70277
164.98141
-2.47629
1.3609192E-5
196.22339
-29.818342
-357.59805
107.31689
102.161194
-646.69495
9.310189
239.17093
17.623276
-3.3637567
-224.11015
-19.705917
-87.89037
-415.94965
-7.342107
-126.96608
-848.8157
-25.372917
-110.01162
-1250.1343
97.32964
73.646935
-414.15466
-65.00989
135.41907
-841.1475
-120.56462
128.35419
-1246.9089
-12.362503
-164.99464
1.3285003
3.4022976E-6
-188.7773
-353.06076
-58.67408
-65.27035
-241.34756
-343.5709
164.99464
-1.328528
-6.804595E-6
254.7103
-166.23239
-307.1772
277.20587
-145.84985
-635.778
3.552441
237.43736
34.797726
-1.7905015
-222.37144
-34.245213
-89.734764
-410.7921
-4.860487
-85.29116
-843.50146
-49.221725
-100.06719
-1252.47
45.258163
77.221596
-399.02264
-115.801605
152.24188
-824.50116
-166.44731
232.42102
-1231.7844
-230.41315
-164.9775
-2.7252831
-1.7011485E-5
-182.85391
-360.28546
-37.83058
-59.46402
-366.1484
-343.838
164.9775
2.7252839
6.804596E-6
255.05331
-270.96796
-215.82018
311.27673
-348.73785
-531.5586
-3.3834221
235.22183
47.531425
3.6409445
-220.4096
-45.070484
-82.56834
-410.53253
-22.239943
-61.943283
-842.6382
-67.89431
-81.903366
-1250.3712
30.874863
87.51088
-390.2254
-135.78111
167.32999
-816.14014
-173.86679
270.59387
-1212.1168
-268.41318
-164.99431
-1.3707693
3.4022976E-6
-178.7204
-360.2944
-24.195045
-69.509476
-461.7401
-318.61267
164.9943
1.3707964
-1.0206892E-5
227.42375
-225.17795
-272.7237
244.54791
-231.59227
-602.2167
0.8194666
238.88551
23.08762
1.8457558
-222.16708
-35.54418
-85.24806
-410.93582
-5.8620625
-68.49727
-844.07196
-42.433846
-84.96214
-1254.1724
46.709816
85.50037
-395.8366
-118.85568
163.35045
-821.8124
-160.19632
247.02081
-1226.251
-236.54257
-164.94496
4.260969
1.0206892E-5
-318.25354
-259.50623
-191.1108
-135.50468
-108.35782
-420.58194
164.94498
-4.260969
-6.8045947E-6
265.46765
-174.55812
-300.82233
161.22948
-25.491577
-576.1649
4.5179777
239.1032
20.229908
-5.757737
-222.8868
-30.22127
-99.3352
-410.54184
-18.8706
-83.447716
-840.4917
-83.02434
-101.02153
-1251.4185
2.0069275
74.596
-407.2968
-90.52235
132.84631
-834.90936
-145.10645
229.49338
-1235.8778
-224.37598
-164.80482
8.02323
-6.804595E-6
-355.66388
-182.87784
-238.17978
-158.19815
-5.9710693
-434.6773
164.80482
-8.023231
5.954021E-6
248.72818
-227.55707
-272.69354
106.52954
-37.253998
-501.7444
9.692623
238.87488
21.09156
-10.819418
-222.24107
-33.419266
-108.36937
-407.60446
-48.399757
-105.279854
-839.3445
-101.46567
-115.812775
-1249.3293
-10.9034195
66.91408
-412.89337
-74.761696
109.588104
-842.18634
-130.5421
195.43546
-1246.6544
-204.26994
-164.47282
13.179188
-2.8919523E-5
-357.53516
-26.849384
-301.20535
-153.10023
113.06537
-519.2196
164.47282
-13.179194
3.572413E-5
264.89478
-330.3921
-137.446
98.0518
-123.097595
-332.61877
17.014132
238.54121
20.21415
-17.74679
-221.47585
-35.475296
-118.311554
-399.55353
-83.172935
-126.10271
-832.8157
-121.22803
-123.48189
-1242.8829
-30.464851
54.965828
-418.12943
-47.317673
80.20397
-847.90314
-109.628006
155.54536
-1256.9692
-167.83963
-163.98277
18.293463
-1.0206892E-5
-343.19403
46.636887
-310.93405
-264.17908
114.51109
-624.063
163.98277
-18.293465
1.7011489E-5
227.26144
-371.5047
-28.941813
51.91519
-154.26265
-204.89519
25.009731
237.92189
19.175121
-24.65708
-221.02594
-34.125637
-125.61211
-388.18884
-111.356766
-146.52768
-821.9367
-136.858
-125.90334
-1233.6776
-56.58345
41.175392
-418.94617
-9.760189
38.252987
-847.02496
-86.9935
96.35516
-1260.4845
-132.54953
-163.74944
20.276066
0.0
-337.78198
62.759888
-312.2624
-345.32385
97.57187
-640.3344
163.74944
-20.276062
-6.8045947E-6
196.62872
-377.27264
32.74735
34.663574
-152.553
-146.6081
26.506107
237.72226
19.635616
-27.35325
-220.90445
-32.833202
-127.729324
-382.78284
-121.26419
-159.97324
-815.75354
-148.1286
-116.31484
-1226.3745
-71.419266
35.2445
-417.232
7.6268883
11.077784
-842.80414
-79.144745
60.84468
-1258.8114
-108.491776
-163.61044
21.368868
6.804596E-6
-361.14954
68.20933
-297.29492
-415.18774
96.29478
-621.6267
163.61044
-21.368868
-6.804596E-6
198.84457
-375.1325
56.65539
36.614563
-153.42435
-126.1749
28.099518
237.32184
22.108
-28.852795
-220.91084
-31.478825
-128.83073
-379.79156
-125.613464
-165.69418
-812.25854
-154.5692
-123.861786
-1225.8354
-94.5345
31.799156
-415.66147
18.456505
-12.750488
-838.1935
-74.85495
26.901302
-1255.8372
-94.89288
-163.51282
22.103382
-1.360919E-5
-388.82022
66.73714
-277.20822
-470.58795
93.88878
-595.76245
163.51283
-22.103327
6.804596E-6
201.73471
-375.28363
58.333237
39.396072
-149.55981
-119.41635
29.041574
236.9501
24.72312
-29.855608
-220.86086
-30.888899
-129.6722
-377.94125
-128.16377
-167.85284
-810.1321
-159.4424
-118.783424
-1222.8048
-98.66914
29.531183
-414.65955
24.022673
-27.48446
-835.7538
-69.00348
2.1490097
-1254.5171
-81.61978
-163.54002
21.901056
-6.8045947E-6
-388.8641
45.575706
-279.76523
-449.66437
92.64808
-600.6819
163.54005
-21.901001
6.804595E-6
207.12964
-378.45953
23.789665
45.53366
-143.68462
-142.5458
28.524487
237.09875
23.885891
-29.578619
-220.86984
-31.090534
-129.55197
-378.37778
-127.50929
-165.20648
-811.02
-155.33757
-119.891846
-1224.0393
-94.00534
30.29762
-414.91113
22.414585
-22.633291
-835.1591
-76.65588
12.016371
-1253.5356
-89.323
-163.66519
20.945215
0.0
-377.9345
-10.80341
-287.5425
-370.7361
82.365234
-604.0355
163.66519
-20.945215
0.0
213.48224
-377.12418
-15.962987
62.97554
-128.32156
-171.99178
27.06659
237.62553
20.037704
-28.276651
-220.95268
-31.707218
-128.94975
-381.52304
-122.16211
-161.2891
-814.92444
-140.66481
-120.77673
-1229.4036
-86.20535
33.41461
-416.6021
13.187111
0.0630455
-836.7953
-94.28564
48.16667
-1253.3777
-117.63258
-164.03972
17.77554
-1.7011489E-5
-354.6798
-81.27782
-288.86813
-269.5802
71.99333
-568.44995
164.03972
-17.775536
1.360919E-5
248.7218
-360.45615
-70.703285
83.445694
-113.851364
-214.82089
24.804354
237.93141
19.323364
-23.982979
-221.32451
-32.63867
-124.24443
-388.3603
-111.03949
-154.70189
-821.3583
-139.5021
-120.97391
-1232.4061
-60.116257
42.40206
-418.5287
-4.292019
28.284914
-839.11487
-114.441635
97.1348
-1252.156
-146.94756
-164.48848
12.982465
3.9126422E-5
-310.2557
-189.46414
-259.55206
-166.29109
20.353592
-469.6728
164.48845
-12.982522
-3.2321834E-5
309.10168
-282.2652
-190.19427
110.434814
-63.11322
-336.495
20.52269
238.27217
20.129517
-17.501144
-221.74002
-33.912716
-117.46944
-399.24542
-84.88497
-141.66919
-832.1488
-120.01385
-117.88857
-1244.0303
-41.349373
55.542732
-418.54904
-39.46191
67.580505
-842.34973
-136.79147
154.27304
-1248.7334
-197.92026
-164.69376
10.048232
-2.190242E-5
-294.07617
-249.04851
-213.8436
-142.47136
-23.40297
-400.92664
164.69376
-10.048236
2.2753004E-5
317.8433
-199.3823
-265.13733
104.74727
-12.218094
-433.83722
16.308355
238.84492
16.945421
-13.559017
-222.23625
-32.437622
-112.37483
-405.08658
-62.45755
-124.81672
-836.43066
-117.34363
-114.61647
-1245.7014
-23.570206
62.536983
-416.36188
-57.43049
90.58238
-841.28455
-146.19542
184.40555
-1243.2139
-223.9776
-164.83682
7.336032
0.0
-280.09866
-288.1812
-170.24763
-121.28543
-56.196426
-343.0522
164.83684
-7.3360305
3.4022974E-6
308.5936
-123.56486
-308.90915
102.659744
28.122856
-517.43274
12.492387
239.15341
15.798115
-9.903319
-222.52307
-31.78686
-106.78969
-408.59753
-41.23807
-109.30311
-839.0512
-103.91421
-110.812
-1249.6799
-15.699875
68.38368
-412.37823
-75.67499
110.32931
-837.74384
-156.4813
200.45712
-1239.3467
-240.10059
-164.95332
3.924376
0.0
-255.05101
-320.02386
-128.60765
-95.60617
-83.53256
-294.5872
164.95332
-3.9244032
6.8045947E-6
308.42212
-75.43751
-322.33926
154.70416
42.913452
-589.2921
8.454638
239.35992
15.341018
-5.3034005
-222.91814
-30.07274
-98.28438
-410.64032
-15.4124975
-84.25808
-838.4192
-93.08823
-99.17662
-1248.073
-1.6488953
74.9748
-406.45773
-93.069725
132.80914
-831.1255
-167.48386
219.10611
-1234.5824
-246.06735
-164.99536
1.2371422
1.3609193E-5
-238.0588
-338.30304
-94.732155
-79.23544
-101.702774
-261.1516
164.99536
-1.2371417
6.8045942E-6
313.10046
-15.708209
-327.804
252.4094
63.426815
-642.3739
3.691081
239.69415
11.536562
-1.6782398
-223.82214
-22.931004
-89.81821
-409.96515
18.082626
-58.799843
-835.277
-67.78165
-85.77317
-1246.1522
15.006912
79.52646
-402.18555
-98.37833
147.5227
-826.4592
-166.15276
245.75577
-1224.8115
-255.9624
-164.98862
-1.9370539
6.804596E-6
-223.62476
-348.81522
-76.402565
-71.08763
-103.821686
-236.43564
164.98862
1.9370533
2.0413781E-5
311.00452
24.056446
-328.31396
355.89697
79.272
-650.54974
-2.684485
239.59201
13.72806
2.6334715
-224.30128
-17.52136
-80.02786
-407.99426
41.841957
-28.225594
-828.9723
-54.69323
-76.245575
-1237.0211
32.428596
85.71533
-397.91687
-101.5156
158.04347
-822.43304
-162.99464
261.25043
-1217.9369
-259.5609
-164.9728
-2.9955256
0.0
-219.29565
-349.28806
-82.03971
-64.545425
-98.222855
-230.08914
164.9728
2.9955256
0.0
331.67914
21.035583
-318.56482
382.75107
74.54144
-640.1683
-5.0262284
239.5565
13.690092
4.074135
-224.37628
-16.238514
-77.05668
-407.60876
46.55994
-18.998596
-826.4584
-55.51501
-76.91138
-1231.4751
39.39288
88.08095
-396.898
-101.55626
161.90665
-820.985
-164.20601
261.7666
-1217.5671
-259.86487
-164.97939
-2.6084247
0.0
-233.39294
-344.88882
-88.11205
-75.83586
-87.6857
-221.98627
164.97939
2.6084244
6.8045947E-6
351.1303
-6.690428
-307.99576
360.37384
60.222137
-631.00854
-5.4415517
239.43956
15.462417
3.546706
-224.32518
-17.047823
-78.34266
-407.81073
44.002777
-22.71571
-826.943
-58.26555
-78.0464
-1233.347
32.14624
87.344406
-397.1857
-101.88404
161.45352
-821.1328
-165.14285
262.34488
-1217.1233
-262.1607
-164.99998
0.08122946
0.0
-267.93448
-321.56732
-124.68637
-90.557144
-65.51395
-233.65405
164.99998
-0.08125682
6.8045947E-6
355.08203
-110.704254
-285.01117
277.07724
16.907059
-579.172
0.7379897
239.4942
15.555872
-0.110284954
-224.10995
-19.992989
-86.27848
-408.8448
30.48552
-43.069897
-831.39734
-63.362076
-89.987015
-1238.4849
28.716805
81.87002
-400.31894
-99.551956
148.29918
-826.541
-155.64932
255.80215
-1221.2957
-250.58061
-164.98837
1.9591908
2.0413789E-5
-307.63928
-260.66733
-200.69383
-99.48753
-20.144135
-288.56555
164.98837
-1.9591902
-3.4022967E-6
323.19467
-185.769
-266.054
194.67616
-12.493225
-515.7708
1.8002334
238.85736
23.32201
-2.6511152
-223.25478
-27.843613
-92.83964
-410.5816
1.7314682
-66.696594
-836.5392
-82.539955
-103.95087
-1243.7512
13.3270645
78.59303
-402.79108
-100.4116
139.86458
-830.1555
-153.61375
242.29056
-1228.8052
-237.20439
-164.88237
6.228952
2.3816217E-5
-335.48077
-173.13237
-261.39185
-101.75357
32.66797
-370.56067
164.88237
-6.228979
-2.0413783E-5
292.9831
-261.9653
-218.6073
147.37596
-59.881805
-435.08087
6.500785
238.64645
24.609196
-8.407457
-222.5489
-32.03584
-104.22786
-409.36493
-27.767504
-90.84878
-838.89
-95.25238
-109.01938
-1249.8639
-10.574669
70.022194
-408.88074
-88.86232
124.77351
-837.1427
-141.95645
216.85797
-1239.9349
-217.3146
-164.66167
10.561153
1.40344755E-5
-341.98956
-87.439865
-297.57455
-109.941284
80.29985
-461.6385
164.66167
-10.561128
-1.5310341E-5
267.17996
-321.43234
-149.83022
109.59393
-109.611374
-347.81635
12.121606
238.63742
22.477676
-14.22442
-221.77623
-35.184822
-114.075096
-404.83817
-60.04775
-113.66516
-836.2918
-115.478714
-114.92142
-1248.0166
-32.526314
60.906013
-414.7697
-69.954636
103.08516
-843.2766
-131.82338
190.54224
-1248.7305
-197.84157
-164.3432
14.707402
-2.3816221E-5
-351.12662
-13.0834
-306.49576
-169.8701
104.6379
-555.87054
164.3432
-14.707428
2.211507E-5
238.66142
-352.85898
-98.64233
67.643295
-139.05708
-282.87466
18.08851
238.5732
18.858347
-19.78332
-221.06206
-36.948456
-120.424835
-395.7409
-95.75815
-128.17473
-828.0037
-143.86018
-114.354225
-1237.9724
-53.66752
51.074127
-418.73456
-39.141155
74.95419
-846.6671
-113.49501
153.24866
-1255.3694
-170.34892
-163.83734
19.55307
-6.8045947E-6
-362.9359
58.552425
-297.38663
-341.2204
113.63077
-622.0323
163.83736
-19.55307
0.0
229.48093
-372.9128
-20.68421
53.961273
-159.48355
-201.07489
24.194286
237.69225
22.738434
-26.329283
-220.61536
-35.50542
-125.5455
-382.18893
-125.7834
-150.42955
-815.1664
-159.4926
-106.62875
-1224.9236
-78.37184
37.269188
-417.03937
2.8722
22.03164
-844.1129
-78.37431
75.352875
-1259.6758
-107.77309
-163.72897
20.440733
-1.360919E-5
-355.71423
68.786514
-300.67316
-398.07175
102.34982
-626.21783
163.72899
-20.44068
1.3609192E-5
235.24524
-371.5746
34.501724
70.89873
-161.71712
-160.04926
25.64035
237.60153
22.092562
-27.585543
-220.95824
-32.272205
-126.368614
-380.38382
-126.746445
-149.91498
-814.2591
-147.30942
-107.15633
-1227.2343
-83.88078
33.98642
-415.64008
16.79787
5.635063
-841.5049
-67.228134
43.551598
-1259.1199
-90.8927
-163.75502
20.230885
-1.3609192E-5
-358.17047
67.369286
-299.3002
-416.37372
98.53947
-622.62787
163.75502
-20.230883
6.804595E-6
214.78735
-364.3854
92.48444
88.62677
-153.31865
-127.59353
25.141611
237.76042
20.925512
-27.33329
-221.24388
-30.480066
-125.9564
-380.26593
-125.79781
-152.05273
-813.71466
-151.60837
-102.17734
-1224.5957
-80.269516
34.513466
-414.7918
22.568678
-1.7031403
-838.75903
-67.79259
33.364017
-1257.211
-76.051735
-163.77711
20.05127
-6.804595E-6
-369.01978
68.49028
-291.76895
-436.6683
104.32237
-612.76697
163.77711
-20.05127
6.804595E-6
212.87737
-363.63742
95.59139
91.12809
-150.63635
-125.10673
24.546986
237.89345
20.10359
-27.107405
-221.41074
-29.452978
-125.480865
-380.25934
-125.31633
-149.87119
-813.9541
-148.5324
-100.26431
-1225.3538
-80.052765
34.849243
-414.27283
25.914698
-6.024849
-837.95795
-63.780495
26.50956
-1256.6866
-66.57002
-163.69043
20.747217
6.804596E-6
-390.7473
30.80281
-279.18466
-434.4183
100.35654
-598.8018
163.69043
-20.74716
0.0
222.18347
-372.99088
45.85757
80.09389
-146.74081
-147.84702
25.687025
237.60057
22.048487
-28.024817
-221.10904
-30.828506
-126.95824
-379.23065
-127.315414
-152.74294
-812.6987
-153.1142
-101.22757
-1223.1187
-80.30167
33.289925
-414.55798
23.190083
-7.012184
-837.9742
-68.02106
24.290384
-1256.7365
-75.65921
-163.67023
20.9059
-2.0413789E-5
-388.6012
-45.58972
-273.10147
-366.09857
93.16916
-571.66406
163.67023
-20.905895
0.0
227.74603
-374.8194
-15.476637
76.491684
-135.53082
-185.07355
25.3516
237.71684
21.165876
-28.192837
-220.71921
-33.364635
-127.944336
-379.6489
-127.65669
-150.97314
-813.3381
-152.32188
-102.745895
-1223.1805
-74.198494
33.53487
-415.82806
13.775936
6.6863155
-839.03406
-83.18199
44.37201
-1256.9878
-100.34215
-163.90059
19.01575
-1.3609192E-5
-366.15204
-124.13612
-261.1549
-273.41064
68.98149
-512.1621
163.90057
-19.01572
6.8045947E-6
247.74689
-358.18973
-86.7801
83.841125
-114.10788
-236.64319
23.733263
238.10332
18.535036
-25.630487
-220.91383
-34.134457
-125.967415
-385.05634
-118.33507
-142.22769
-818.98804
-144.10179
-106.73539
-1230.2876
-66.816895
39.148384
-417.93036
-1.1468124
36.390583
-841.3767
-100.69867
85.16437
-1256.534
-141.50867
-164.42894
13.715778
-6.804596E-6
-314.33832
-234.67496
-213.14133
-181.32729
5.333725
-396.455
164.42894
-13.715747
1.7011486E-6
299.27512
-265.12585
-219.56656
100.20143
-48.430115
-368.94064
20.220072
238.6616
15.224712
-18.500257
-221.78793
-33.05823
-119.166824
-399.524
-81.80384
-122.429306
-831.315
-134.44275
-113.495895
-1242.3955
-48.809723
53.25467
-419.0404
-39.592102
82.04614
-842.32336
-135.65231
172.22336
-1245.9597
-208.76678
-164.69333
10.055085
-1.2248273E-4
-297.81824
-305.28067
-111.53987
-147.64316
-67.13078
-283.67957
164.69334
-10.05511
1.2460914E-4
284.9952
-128.93677
-317.79636
76.776306
33.471863
-515.70624
16.290073
239.1136
12.622168
-13.568631
-222.24254
-32.390606
-113.10649
-406.0239
-52.802025
-102.69375
-835.0553
-123.85533
-107.472244
-1242.6157
-22.50618
62.197445
-415.05048
-66.8087
109.94285
-838.2011
-155.62823
209.4768
-1238.1111
-236.65297
-164.90489
5.6009665
1.7011489E-5
-270.283
-330.85352
-72.7588
-107.73654
-101.843216
-246.05896
164.90492
-5.6009936
-1.020696E-5
299.64062
-63.298046
-328.812
146.6887
62.196712
-592.9271
10.354188
239.54411
10.555107
-7.5719614
-222.93646
-29.444902
-102.350235
-409.9102
-16.878712
-75.249954
-835.5101
-102.64195
-96.95156
-1243.5056
-5.3350067
71.00366
-408.1371
-89.66609
134.96896
-829.99646
-174.33109
239.92694
-1226.8872
-262.9964
-164.99194
1.6295804
-6.8045947E-6
-257.18402
-342.56903
-51.26342
-84.569595
-119.65486
-222.76712
164.99196
-1.6295531
0.0
310.26215
-6.540592
-329.35156
249.20271
86.56688
-640.0005
2.7227492
239.54181
14.570669
-2.2081802
-223.57404
-25.194828
-90.93563
-409.80334
14.125488
-45.929905
-831.7179
-81.72635
-75.85058
-1241.0098
7.632248
78.30091
-401.5229
-102.34718
155.04407
-823.1223
-177.10934
264.41357
-1216.2697
-276.47473
-164.9959
-1.1653099
6.804596E-6
-251.0266
-348.45963
-39.816925
-71.401825
-121.95773
-198.97673
164.9959
1.1653098
6.8045947E-6
295.40625
17.006744
-335.17484
310.48062
94.05027
-655.70105
-1.3796201
239.57027
14.2894
1.5824512
-224.0472
-20.623913
-82.58649
-408.656
33.553387
-28.789959
-829.0364
-64.48375
-63.463985
-1240.0883
14.472565
83.96678
-398.18256
-104.22838
161.68896
-820.8237
-171.74643
263.3653
-1217.7139
-264.1594
-164.98349
-2.3338854
0.0
-242.88211
-351.03983
-43.999573
-66.07051
-114.86659
-191.8504
164.98349
2.3339126
1.360919E-5
304.65326
22.549978
-331.18524
344.084
96.08219
-650.4629
-3.8573048
239.55302
14.123274
3.1720383
-224.23149
-18.307734
-79.144844
-407.8034
41.902634
-22.000057
-827.95135
-55.232216
-64.758995
-1238.4878
22.430626
86.52365
-396.85828
-104.054474
165.41507
-819.213
-172.00758
259.99
-1219.497
-257.02765
-164.99074
-1.7469605
-6.8045947E-6
-253.28737
-346.00656
-57.350037
-74.75566
-107.05658
-198.52129
164.99075
1.7469879
1.3609189E-5
322.22266
3.3845212
-323.8448
342.8019
83.066734
-643.41833
-4.122206
239.48557
15.155166
2.3746052
-224.26729
-17.987331
-80.688774
-407.31927
42.77819
-23.622257
-827.0791
-56.065445
-65.89252
-1237.5938
21.979156
85.254745
-397.09375
-103.7888
167.32394
-818.30396
-175.00409
252.08896
-1223.0623
-248.39122
-164.99977
-0.271879
-6.8045947E-6
-268.8984
-336.78555
-74.58976
-92.84358
-90.30275
-205.5513
164.99977
0.27190635
6.8045947E-6
343.62683
-46.43991
-309.04755
307.70068
62.069427
-618.6199
-2.0963113
239.54533
14.616161
0.36959195
-224.25339
-18.310617
-84.74186
-407.42508
39.17137
-32.688404
-828.0916
-58.578873
-76.93233
-1236.2046
30.226173
82.163216
-398.77698
-101.68515
163.79247
-820.4816
-170.4373
247.17914
-1225.8877
-241.79956
-164.98477
2.242307
-6.8045947E-6
-281.73474
-317.77905
-116.42915
-94.74936
-68.79675
-225.71907
164.98476
-2.2423074
-1.3609192E-5
336.97235
-126.79473
-290.7008
248.56876
28.39605
-568.1907
1.3318982
239.3265
17.917704
-3.0434885
-223.9341
-21.6624
-92.15155
-407.91736
26.399261
-46.04051
-829.31244
-71.196594
-82.68736
-1237.5891
20.275436
76.858475
-401.02222
-101.383575
155.00159
-824.31396
-164.17455
244.94904
-1227.7325
-238.75938
-164.8924
5.958376
1.02069625E-5
-308.1607
-270.39523
-180.83937
-97.45065
-30.995438
-265.6275
164.8924
-5.958376
0.0
320.28363
-205.35167
-256.31207
196.05122
-5.1557007
-487.37027
6.6651926
239.3651
16.122326
-8.07941
-223.59099
-23.807266
-102.426414
-408.09003
10.233009
-55.11552
-828.9889
-88.91764
-92.65978
-1234.6084
13.3721695
69.01905
-405.71088
-94.4343
150.42361
-827.79425
-161.09714
238.12006
-1232.1327
-233.34525
-164.62947
11.051671
1.7011489E-5
-337.5277
-150.88759
-271.07538
-91.58284
33.97171
-390.39917
164.62947
-11.051671
-1.7011489E-5
285.85608
-308.9209
-161.79626
153.19559
-82.29524
-361.65125
13.089846
239.03249
17.091782
-14.927264
-222.36139
-30.945057
-116.14553
-406.34592
-33.07907
-89.40721
-833.93054
-108.454414
-97.00444
-1242.7212
-12.36866
58.678303
-412.7572
-80.25686
126.24864
-837.53284
-145.25592
223.40926
-1239.7433
-217.27374
-164.20055
16.222897
-2.0413792E-5
-355.2154
-79.936386
-289.59753
-135.61595
65.71364
-488.24835
164.20055
-16.222862
1.6160913E-5
251.56435
-349.8893
-103.12255
102.15097
-128.2448
-296.6409
19.371708
238.61949
16.8962
-21.818542
-220.8373
-37.146233
-126.261894
-397.90833
-80.01159
-113.44908
-829.04376
-136.43018
-100.675316
-1238.6511
-44.45948
47.100975
-418.20557
-57.042725
100.88625
-843.9281
-128.40442
184.02817
-1253.1414
-173.48175
-163.80167
19.84972
0.0
-359.0797
-18.232334
-300.02707
-212.24077
84.62973
-577.07886
163.80167
-19.849699
1.3609192E-5
239.2706
-370.2143
-33.898514
81.00893
-159.63306
-232.66666
24.295815
238.18256
16.696957
-26.666594
-220.05518
-38.59551
-130.43929
-388.2567
-109.58478
-129.44252
-822.46326
-135.82722
-99.45084
-1235.4453
-65.49732
37.65747
-419.75775
-29.578445
67.21869
-846.84564
-106.69576
141.549
-1259.1677
-136.11493
-163.2682
23.843155
1.360919E-5
-379.67712
40.06269
-287.23526
-360.29175
93.65262
-612.2773
163.26819
-23.843185
6.804596E-6
245.9421
-374.0434
-11.17193
68.1243
-167.71478
-197.47636
29.036795
236.86856
25.498186
-32.00594
-219.16306
-39.600136
-134.04707
-376.99927
-133.27689
-136.00183
-811.89325
-142.67955
-91.2072
-1222.9772
-69.17108
25.949703
-417.7995
-3.757248
28.47564
-846.7826
-75.813774
85.037254
-1262.9044
-82.403595
-163.10419
24.940397
-6.804595E-6
-359.04736
70.3498
-298.57034
-399.4894
105.68124
-624.1715
163.10419
-24.940397
6.804595E-6
251.26678
-371.5765
40.87489
85.14879
-172.32268
-163.09256
31.080097
236.36682
27.654346
-33.4902
-219.01802
-39.17281
-135.81584
-374.04294
-137.13573
-137.74928
-809.0338
-139.19171
-91.14708
-1220.1058
-66.74831
23.337269
-416.68347
3.2417908
14.638967
-845.5602
-68.967094
64.355896
-1262.5837
-64.54688
-163.09041
25.030348
-6.804595E-6
-352.6236
66.49224
-303.24588
-424.71698
98.69609
-623.6604
163.09041
-25.030321
6.804595E-6
219.01924
-360.80228
117.17155
84.025406
-163.89058
-110.64954
31.454447
236.27298
28.030445
-33.652
-219.266
-37.61592
-135.78485
-373.31738
-137.3007
-141.67238
-808.2445
-142.65773
-89.06001
-1218.2738
-68.442
23.058498
-415.83795
9.748516
5.632225
-844.9784
-59.24294
39.297394
-1263.6118
-62.81371
-163.1228
24.818373
1.3609189E-5
-362.31934
54.758106
-298.36948
-428.14313
97.35924
-618.91956
163.12282
-24.81835
0.0
214.15561
-361.1002
117.94143
88.4115
-158.44724
-110.13792
30.953493
236.33395
28.073904
-33.368687
-219.32182
-37.54293
-135.37749
-373.513
-137.13852
-142.88792
-808.40015
-143.60123
-91.8748
-1218.5035
-68.682304
23.660393
-415.7998
9.828796
4.486624
-844.3768
-62.13759
37.617737
-1263.0197
-68.49951
-163.18803
24.385775
-2.0413823E-5
-383.1061
11.296925
-284.7187
-415.94855
85.968094
-604.4773
163.18803
-24.385773
6.8045947E-6
234.82037
-371.62555
62.396515
88.62396
-156.06113
-140.23268
29.828152
236.65988
26.502424
-32.781704
-219.37328
-37.758778
-134.75592
-374.3133
-136.22122
-140.11087
-809.271
-139.07277
-92.43706
-1219.8253
-64.4248
24.940685
-416.09277
7.7337227
7.497734
-843.8229
-69.516846
48.8843
-1261.7662
-72.75684
-163.32991
23.416643
-6.8045942E-6
-391.92487
-64.502556
-263.84567
-368.23163
64.447975
-566.6829
163.32991
-23.416702
1.360919E-5
245.85905
-373.6336
-11.706463
87.30783
-141.08115
-183.98785
29.052435
236.92085
24.989248
-31.472555
-219.5194
-38.022568
-133.48033
-376.4275
-133.28146
-138.1134
-811.393
-136.20326
-94.782646
-1222.4253
-61.53843
27.761553
-416.82516
2.7421074
17.985054
-843.5425
-81.17308
71.27934
-1260.146
-82.29591
-164.00682
18.076656
6.804597E-6
-334.7508
-167.4089
-256.98566
-204.27846
20.905685
-494.5032
164.00679
-18.076677
-2.0413783E-5
282.23383
-333.19812
-127.75307
101.91765
-104.68071
-283.20685
23.08046
238.20145
18.093054
-24.335083
-220.78847
-35.850525
-126.979004
-390.73297
-104.283615
-130.10828
-825.2005
-125.57151
-104.19087
-1236.4513
-44.32473
42.39012
-419.6098
-24.995613
66.59349
-842.8497
-122.50058
141.54445
-1254.3975
-160.06119
-164.38454
14.238047
-1.3609189E-5
-314.91858
-227.34755
-220.39943
-155.77188
-23.1763
-425.06116
164.38454
-14.238078
1.531034E-5
306.41748
-269.1345
-210.84224
111.06265
-57.372696
-371.7566
19.313423
238.84726
13.378085
-19.208834
-221.77502
-32.739376
-121.14285
-400.2802
-75.696915
-116.56315
-832.6658
-123.09656
-104.56653
-1242.2786
-31.045242
51.901665
-418.99313
-44.917538
90.573425
-842.8436
-134.80792
179.78943
-1249.318
-191.5453
-164.57286
11.86475
2.0796542E-4
-301.8557
-276.9887
-165.27856
-142.21019
-62.8114
-359.03455
164.57286
-11.864725
-2.0817811E-4
303.96558
-193.01788
-278.12466
102.42601
-8.314178
-462.96606
16.702818
239.14218
11.490473
-16.02127
-222.22646
-31.364397
-117.179214
-404.65662
-55.578114
-106.95026
-835.3667
-115.654785
-100.50623
-1244.7534
-22.054893
57.70656
-416.71155
-60.342926
107.60571
-840.6301
-144.17685
203.89551
-1244.0006
-210.66379
-164.7373
9.307119
1.0206895E-5
-283.9015
-312.31058
-109.37063
-121.74228
-99.76904
-302.84024
164.7373
-9.307117
-6.804595E-6
298.98828
-113.836914
-317.25415
108.856674
29.320038
-545.85
16.00485
239.27684
9.509716
-12.580938
-222.68452
-29.636429
-111.78725
-407.73605
-33.38433
-91.362946
-836.4137
-104.40087
-94.34615
-1244.7112
-5.9920273
63.298317
-413.08365
-75.3585
124.63799
-835.53796
-158.99344
223.50827
-1237.9111
-227.69969
-164.91563
5.2758403
-1.3609189E-5
-254.91643
-336.1247
-70.32449
-85.792755
-129.89665
-264.6623
164.91563
-5.2758403
1.0206892E-5
312.1697
-64.88524
-323.05258
190.93985
40.21611
-611.42224
10.777343
239.60132
8.663783
-7.1488514
-223.46423
-25.251434
-100.96967
-409.49704
1.005867
-65.851166
-835.3736
-80.36286
-85.61431
-1244.7432
11.430199
71.066185
-406.8523
-91.21528
143.64194
-829.27893
-165.46848
248.30525
-1225.6666
-256.69543
-164.98355
2.3301404
-6.8045942E-6
-233.69254
-343.79785
-71.23565
-54.66295
-134.33038
-252.81696
164.98355
-2.3301687
-2.0413789E-5
308.74652
-22.408619
-329.43756
276.10727
54.400936
-648.71014
4.712049
239.67207
11.622978
-3.163094
-223.9575
-21.401579
-92.11415
-408.5573
24.5399
-45.99463
-831.3722
-66.70454
-77.41929
-1241.5189
18.102303
76.54988
-402.08163
-98.975006
152.12802
-825.34393
-165.02036
255.30435
-1221.4478
-259.12894
-164.99965
0.33823013
6.8045947E-6
-233.847
-349.81058
-47.49598
-46.583054
-148.50139
-229.99756
164.99965
-0.3382302
-1.3609192E-5
298.40094
-7.093691
-334.30295
331.01523
65.913826
-654.4689
-0.42937684
239.65602
12.837837
-0.45962146
-224.25462
-18.293415
-86.182205
-407.56766
37.81338
-31.156258
-827.97534
-59.420925
-71.90928
-1237.516
24.338268
80.68595
-399.6501
-100.46289
159.15927
-822.7494
-164.13315
257.10538
-1220.6458
-256.24777
-164.99986
-0.21474367
-2.7218377E-5
-224.12079
-350.172
-60.288147
-42.361008
-126.17096
-220.55951
164.99985
0.21474373
-6.804596E-6
328.35852
-9.63563
-320.65076
359.24878
67.102455
-640.1145
-0.29898
239.75545
10.827625
0.2920257
-224.38068
-16.680079
-84.45241
-406.7217
43.901512
-26.251484
-826.2401
-55.304977
-72.27019
-1235.024
29.417946
81.87627
-398.73322
-100.6158
161.6426
-821.12463
-167.30777
268.87274
-1215.4998
-264.10648
-164.99953
0.39234713
2.7218384E-5
-229.70486
-344.6866
-79.58476
-48.688126
-115.772675
-233.63455
164.99954
-0.39234707
-6.8045947E-6
357.56335
-53.6093
-299.4781
334.56052
51.838234
-611.3301
0.4929683
239.73448
11.275535
-0.53347814
-224.38095
-16.670643
-86.08735
-406.578
43.20235
-30.880615
-826.7637
-54.885593
-72.80836
-1235.7429
31.009617
80.57216
-399.26163
-99.969086
160.41708
-821.76685
-165.841
264.48697
-1217.4493
-260.73486
-164.98654
2.1079814
1.3609192E-5
-260.12268
-324.63364
-117.4267
-64.03581
-94.028885
-248.84734
164.98653
-2.1080081
-6.8045947E-6
357.59058
-125.707794
-277.89703
281.1867
31.27771
-557.9292
1.1453645
239.56653
14.372328
-2.8642166
-224.17766
-19.004478
-91.178375
-407.11987
34.219196
-40.12535
-827.99286
-63.169285
-78.042755
-1236.6151
26.218174
76.95051
-400.9098
-99.598274
158.35217
-823.37103
-163.82648
256.4766
-1222.3523
-250.92159
-164.86198
6.747383
-1.0206892E-5
-298.088
-273.98718
-181.76616
-81.33208
-53.191025
-296.50906
164.86198
-6.7474117
0.0
328.649
-204.89038
-252.01825
197.6653
-6.618164
-480.9973
7.044031
239.44305
14.744652
-9.154354
-223.67181
-22.630045
-104.29031
-407.6042
12.270372
-67.325
-832.30194
-74.276535
-83.26823
-1243.9888
7.330612
67.173325
-406.4779
-92.31521
149.12791
-829.3733
-152.87852
247.0841
-1228.686
-238.6337
-164.6904
10.102968
1.3609189E-5
-319.60208
-199.96376
-247.94014
-83.84515
-5.4665375
-372.397
164.6904
-10.102941
-1.3609189E-5
305.0033
-286.6804
-182.80376
164.00182
-64.9321
-382.41907
11.7490225
239.31633
13.771468
-13.682896
-223.04749
-26.222
-113.52251
-407.39423
-14.042581
-84.245544
-834.4294
-91.559326
-92.22167
-1245.9386
-7.9139404
60.336224
-411.74246
-81.1344
136.49767
-834.64417
-148.79955
231.4866
-1236.6796
-224.59303
-164.25299
15.682891
-5.1885305E-5
-329.46613
-85.41079
-303.45462
-120.704056
59.11564
-514.2401
164.25299
-15.682891
5.1885305E-5
274.94537
-353.4563
-57.06406
126.79335
-134.90765
-255.02231
18.527908
238.75262
15.934525
-21.106127
-221.0527
-36.266117
-125.353645
-399.0822
-75.48274
-108.477936
-830.19965
-130.96231
-101.50764
-1240.4175
-41.11422
48.40737
-417.9693
-58.441254
103.47215
-843.50256
-129.95563
195.0827
-1247.4633
-199.4053
-163.81334
19.753227
-3.4022974E-6
-328.49457
-25.980206
-316.84155
-191.94342
83.30046
-596.6835
163.81334
-19.753227
3.4022974E-6
247.6211
-369.82455
-5.1320477
107.81383
-149.2886
-206.91864
23.111597
237.98871
20.669477
-26.461111
-219.44154
-42.07391
-130.68605
-387.98306
-111.57875
-118.169075
-821.87317
-139.99812
-100.375725
-1232.3573
-52.899467
38.364853
-419.18225
-40.959774
77.46618
-846.1221
-114.5701
155.41757
-1256.2054
-160.99457
-163.43208
22.69254
0.0
-310.3151
24.899298
-328.66476
-255.41429
98.169266
-645.7096
163.43208
-22.692543
1.360919E-5
265.05167
-365.47562
42.109547
116.49057
-156.36653
-165.50305
28.106293
237.10956
24.271362
-30.401052
-218.94849
-41.980186
-134.55154
-380.76556
-126.05103
-125.62062
-815.46594
-139.4973
-93.3721
-1225.4224
-54.08197
30.585978
-418.96967
-22.69016
57.547226
-847.3256
-93.46632
126.484146
-1260.2385
-127.386566
-163.4152
22.81374
1.360919E-5
-319.5927
46.314667
-323.50623
-350.63013
102.708496
-647.1672
163.4152
-22.813793
-1.360919E-5
235.0506
-359.26212
106.16439
100.15616
-152.86168
-113.15812
28.31824
236.70067
27.764635
-30.635967
-219.44542
-39.11706
-131.86623
-376.6474
-134.72025
-127.39479
-811.624
-135.29735
-87.85043
-1223.0688
-60.80336
29.275703
-416.82928
0.25559998
31.432518
-846.44116
-67.96462
80.847694
-1263.0013
-88.839226
-163.39186
22.980362
6.804595E-6
-338.3877
45.278687
-313.81403
-387.14505
103.63066
-634.9336
163.39186
-22.980362
-6.804595E-6
245.21317
-361.13434
92.50493
94.63852
-152.96086
-114.596664
28.512728
236.60619
28.36437
-30.893576
-219.65486
-37.713707
-131.64732
-375.67105
-135.73224
-133.18916
-810.66833
-135.82498
-90.337494
-1222.3837
-64.73178
28.53987
-415.9855
7.252346
17.516878
-845.3372
-61.744816
57.68519
-1263.0833
-78.32155
-163.38637
23.019531
-6.804595E-6
-348.4367
35.63228
-308.5406
-395.54385
95.69864
-629.59033
163.38637
-23.019527
-1.36091885E-5
239.63934
-363.6856
87.932365
94.012344
-151.86652
-119.01075
28.283516
236.61703
28.502916
-30.950674
-219.67897
-37.526085
-131.60599
-375.30884
-136.2573
-134.21036
-810.29846
-134.74971
-88.90845
-1221.8356
-64.145615
28.44034
-415.72443
8.721931
14.187691
-844.9359
-60.55526
52.64455
-1262.9845
-73.06277
-163.42564
22.738874
6.8045947E-6
-375.0346
-14.360361
-288.86902
-396.2651
78.41137
-604.84796
163.42564
-22.738878
6.804596E-6
246.41296
-371.72922
30.312523
94.74733
-150.68004
-162.13171
27.080317
236.9831
26.564497
-30.582014
-219.79465
-37.149086
-131.06029
-375.68103
-135.65573
-134.35594
-810.6643
-133.74205
-87.84908
-1222.4314
-65.29554
29.156874
-415.65875
9.418339
14.001202
-844.4228
-62.39182
51.60929
-1262.5642
-74.36525
-163.54016
21.900122
-6.804595E-6
-384.99536
-87.74091
-261.79468
-353.04956
57.714165
-556.2811
163.54016
-21.90012
-1.36091885E-5
256.81055
-365.20108
-55.182426
88.134705
-131.60463
-216.05869
25.18911
237.4363
24.279905
-29.455057
-219.95665
-37.10086
-129.76328
-377.28976
-133.45726
-135.84673
-812.24414
-135.09291
-86.102066
-1222.6171
-60.799202
31.502787
-416.09003
6.669342
20.164814
-843.3562
-74.201546
65.52975
-1260.7454
-85.52827
-163.9403
18.67016
1.3609189E-5
-357.78302
-154.65352
-248.96562
-257.78873
25.780045
-506.5406
163.9403
-18.670135
0.0
265.83636
-333.335
-142.13809
86.47696
-94.16812
-281.8857
21.917252
238.10779
20.59908
-25.125967
-220.62741
-36.293674
-125.15603
-384.5753
-121.23532
-129.8998
-819.4276
-131.5281
-94.78667
-1230.1299
-50.962868
40.448616
-417.8141
-6.005316
48.998882
-841.9556
-102.21249
111.40778
-1256.6968
-124.45826
-164.30696
15.1054535
0.2147703
-317.00668
-244.2285
-197.34209
-177.7791
-28.408249
-404.55527
164.51543
-12.634231
0.21632326
292.30588
-236.86177
-250.76497
79.58479
-32.852005
-399.1893
18.974981
238.69327
16.293201
-19.340166
-221.76413
-32.735657
-119.214485
-397.16943
-90.684845
-118.39004
-830.3263
-130.67763
-95.689835
-1239.9353
-40.64884
52.50036
-419.04178
-28.210648
86.57738
-840.10266
-131.99638
167.89139
-1249.7026
-176.89453
-164.61287
11.2961035
4.082757E-5
-310.1923
-289.09875
-134.79445
-159.14432
-71.88492
-332.03198
164.61287
-11.296104
-3.9126426E-5
299.6446
-167.54889
-294.87543
73.88432
-1.2173767
-468.84708
15.798458
239.14133
12.721456
-15.259862
-222.37445
-30.68785
-114.71522
-403.25012
-69.32237
-107.148155
-834.47986
-125.96771
-94.54613
-1243.603
-31.84298
59.69031
-418.10425
-43.814934
105.92034
-837.5085
-149.5878
194.77881
-1244.3019
-204.57234
-164.84018
7.260564
-1.5310337E-5
-265.17538
-324.60596
-96.94052
-107.65312
-105.52902
-286.91956
164.84018
-7.2605352
1.7011485E-5
318.6557
-109.4611
-309.02396
114.05371
19.070778
-533.78516
12.189918
239.55595
8.022144
-9.819657
-222.9417
-28.732805
-106.385414
-409.25848
-36.550167
-85.927795
-837.1255
-112.28871
-88.02507
-1246.0364
-16.437668
68.549576
-413.522
-69.19759
132.74359
-831.5674
-170.89432
230.54912
-1233.1709
-245.38434
-164.9477
4.1538167
0.0
-232.4205
-344.1341
-61.179787
-81.940506
-120.66324
-251.74881
164.94772
-4.1538157
6.8045947E-6
323.51813
-66.9472
-317.03693
166.50824
36.317467
-588.3012
9.110584
239.70212
7.739719
-5.6229186
-223.28598
-27.143248
-98.49711
-411.00684
-11.805009
-64.46953
-834.34753
-105.87805
-80.04186
-1244.1482
-15.208847
74.52235
-408.14874
-86.325165
146.71964
-826.9641
-179.09488
252.95975
-1224.1167
-265.01843
-164.98972
1.8415812
1.701149E-5
-238.00546
-348.00613
-43.304237
-72.437485
-126.680435
-223.58789
164.98972
-1.8415807
-3.4022974E-6
321.049
-30.857557
-323.11542
242.53394
49.579468
-633.38184
3.7797358
239.87154
6.8819413
-2.4994023
-223.92125
-21.86387
-91.39291
-410.175
16.962435
-42.965916
-829.8013
-86.92993
-68.51764
-1239.6062
1.427208
78.46788
-403.7896
-93.917175
163.39944
-821.7465
-179.49553
260.10608
-1220.8433
-267.64127
-164.99968
0.32470188
0.0
-237.44434
-349.1839
-46.856224
-61.158646
-126.055176
-214.29858
164.99968
-0.32470185
6.8045947E-6
315.61066
-6.22162
-326.92743
318.2268
60.228546
-650.1573
-1.4275181
239.80792
9.493352
-0.44150448
-224.34898
-17.097929
-86.04601
-408.05396
37.896202
-25.687836
-824.77716
-71.29932
-61.177715
-1235.2969
10.027863
80.945076
-400.81317
-96.700775
171.2689
-817.968
-180.65567
266.94888
-1217.909
-266.05176
-164.97015
-3.1381917
1.360919E-5
-251.72011
-348.8737
-50.412094
-61.31758
-129.21776
-206.61111
164.97015
3.1382463
-1.360919E-5
320.19263
-11.43828
-324.48962
347.37076
55.114517
-646.5643
-7.7826734
239.4974
13.432055
4.2678256
-224.34805
-16.575
-76.84561
-408.14685
44.569183
-15.890877
-825.3767
-62.336372
-63.45952
-1234.4337
20.183739
88.55783
-397.22723
-100.88388
171.36237
-817.4645
-176.83853
270.4267
-1215.8467
-265.59564
-164.96355
-3.467862
0.0
-244.31631
-348.56183
-64.9099
-54.91884
-119.497055
-208.29027
164.96355
3.467862
6.804595E-6
353.53784
-50.572155
-301.8599
358.33008
31.39156
-621.48315
-7.244759
239.41302
15.130111
4.7146606
-224.27551
-17.414711
-76.161316
-408.11462
43.922493
-16.409046
-826.0194
-61.007156
-69.310745
-1232.3848
31.018166
89.24907
-396.41626
-102.98044
168.80647
-817.82544
-175.84982
274.27765
-1213.7592
-268.112
-164.9999
-0.19481698
-6.8045947E-6
-266.14694
-335.00146
-85.28663
-75.6971
-98.514755
-214.52628
164.9999
0.19481702
-1.3609192E-5
350.6596
-115.9551
-285.72656
278.79883
-0.8508835
-586.53723
-2.315709
239.63109
13.098649
0.26493162
-224.35686
-16.998095
-84.97434
-408.258
37.907753
-30.713428
-825.7799
-71.436775
-76.4507
-1233.1418
20.019875
82.440575
-400.55646
-96.37606
162.15482
-822.63776
-165.06366
268.47754
-1218.1276
-258.24792
-164.96994
3.1497278
1.3609192E-5
-309.8188
-265.90527
-190.33708
-92.68573
-37.480927
-288.1918
164.96994
-3.1497273
-1.0206892E-5
333.2115
-207.68594
-243.84367
192.46164
-27.128677
-481.5169
2.6497512
239.55304
14.398657
-4.2729697
-223.80026
-22.80753
-95.23482
-409.872
11.880287
-55.625904
-832.1283
-84.844925
-89.06508
-1238.6206
15.383789
75.86121
-404.9383
-92.575195
150.61871
-828.4104
-158.20801
253.72525
-1226.2952
-244.56055
-164.86769
6.606477
-6.8045942E-6
-332.3758
-191.77159
-249.37355
-99.291626
4.878891
-375.47018
164.86769
-6.6064777
-3.402298E-6
300.4529
-280.55386
-190.18274
154.02608
-75.5004
-403.28427
6.156812
239.42458
15.426196
-8.938561
-223.0659
-28.0483
-104.96061
-409.6406
-19.702827
-82.162544
-835.7899
-103.97624
-96.46176
-1243.4517
-3.939087
69.16235
-410.28992
-82.33829
132.99567
-835.23865
-149.9316
235.06177
-1235.5349
-225.72983
-164.6446
10.823624
-3.4022983E-6
-320.2849
-120.32637
-296.9441
-97.702194
43.53528
-477.23907
164.6446
-10.82362
5.5287323E-6
276.9053
-332.10413
-117.37275
127.71858
-120.519516
-322.00723
11.662039
238.86604
20.174343
-14.575622
-221.7188
-35.40228
-114.81717
-404.688
-59.35874
-97.42326
-834.2168
-125.89816
-103.32497
-1241.9185
-25.17849
60.22106
-414.6136
-71.41689
116.67667
-840.12244
-141.98573
211.77658
-1243.8853
-207.80093
-164.37924
14.299124
-2.8919523E-5
-312.4959
-60.36522
-319.51013
-144.23898
66.89642
-573.27
164.37924
-14.299127
3.5724126E-5
258.70898
-356.63202
-59.24609
103.86163
-151.69807
-266.42807
16.539978
238.87823
16.23647
-19.22782
-221.038
-37.38309
-120.25226
-397.2345
-90.757706
-110.85193
-829.7488
-136.23332
-96.230255
-1238.6648
-41.502304
52.13498
-418.33496
-46.397606
94.93337
-844.98505
-119.63023
182.35794
-1251.2808
-180.29889
0.0
0.0
0.0
0.8000001
0.8000001
0.8000001
0.9199997
0.9199997
0.9199997
0.5631306
0.5631306
0.5631306
0.5768898
0.5768898
0.5768898
0.0
0.0
0.0
0.74893385
0.74893385
0.74893385
0.8300001
0.8300001
0.8300001
0.0
0.0
0.0
0.0
0.0
0.0
0.0
0.0
0.0
0.0
0.0
0.0
0.0
0.0
0.0
0.0
0.0
0.0
0.20854694
0.20854694
0.20854694
42
80
true
boxing
