-164.33974
14.746152
-4.167814E-5
-219.46921
-340.5822
17.392273
-239.34868
-652.2097
-89.346176
164.33974
-14.746153
4.082757E-5
227.1823
-368.31
25.36587
222.14687
-681.74335
-77.75633
17.965115
236.39082
-37.371555
-20.043604
-223.35728
18.297005
-126.31643
-402.2022
46.942604
-94.892136
-811.8319
-96.02952
-99.10921
-1231.1823
-73.06255
53.372955
-420.0958
20.286985
96.30659
-845.5873
-59.329147
111.24688
-1265.3193
-57.999035
-164.22058
16.01893
1.9563213E-5
-217.42357
-339.76443
13.698476
-240.02927
-652.30615
-89.774574
164.22058
-16.018929
-1.7011485E-5
224.49948
-370.21198
22.666136
221.87993
-682.73474
-83.27079
19.524364
236.83542
-33.58242
-21.796705
-223.43365
15.076806
-129.56621
-401.76172
41.246136
-100.19966
-814.02905
-94.39389
-108.02388
-1233.5851
-76.74452
50.03572
-420.76392
14.145056
92.44345
-846.51013
-64.383575
104.1077
-1266.3411
-66.81939
-164.19841
16.244476
-1.956321E-5
-220.87779
-338.74786
19.180418
-243.95705
-650.7355
-85.84858
164.19841
-16.24448
1.7862063E-5
224.771
-370.49533
20.91148
223.49925
-682.4442
-86.7281
20.231577
237.19627
-30.473196
-22.118408
-223.55347
12.634167
-130.31381
-402.1098
35.248253
-103.06874
-815.1754
-98.39126
-109.918335
-1233.9011
-66.42512
49.403824
-420.99335
11.196544
91.42023
-844.7583
-77.58891
101.55341
-1263.9169
-53.024788
-164.19041
16.32511
-5.9540207E-6
-212.3735
-340.1055
15.349545
-238.04132
-652.3092
-88.4292
164.19041
-16.325083
5.9540207E-6
226.73831
-370.38538
18.140467
226.51237
-681.44183
-92.058624
20.93929
237.25586
-29.515953
-22.233118
-223.59239
11.710195
-130.61685
-402.29132
32.195602
-107.16411
-817.777
-94.47972
-112.08478
-1235.9558
-55.721504
49.178665
-421.07568
10.87326
90.12688
-844.1483
-81.63506
102.95407
-1263.0133
-53.57125
-164.22807
15.941762
-4.4229873E-5
-209.82376
-340.9757
11.442997
-237.28146
-653.583
-90.648865
164.22807
-15.941763
4.3379303E-5
211.07565
-372.772
8.803606
218.87213
-678.8247
-114.36677
20.250044
237.96257
-23.74349
-21.727663
-223.8141
7.756168
-129.91208
-403.18976
22.605711
-112.035706
-823.223
-89.09708
-115.96039
-1242.3234
-61.904396
50.112328
-421.13544
5.93948
84.16462
-844.17926
-89.45097
105.05607
-1262.8507
-63.417183
-164.26897
15.514774
7.65517E-6
-219.44516
-340.01367
12.454205
-247.18063
-653.0342
-88.28746
164.26895
-15.514797
-7.655169E-6
201.26651
-373.58768
3.8713279
210.00365
-674.8378
-130.56091
19.925858
238.24727
-21.004757
-21.150028
-223.91493
6.307624
-128.90706
-403.67688
19.501188
-116.919464
-826.1986
-83.24447
-114.85978
-1244.9902
-51.474846
51.18043
-421.04834
3.7155817
84.57986
-844.94653
-88.04372
99.94525
-1263.5767
-57.83191
-164.32016
14.962756
-5.7413774E-5
-230.06303
-338.52124
18.08069
-257.13995
-651.4481
-83.13001
164.32016
-14.962704
5.7413774E-5
211.45206
-371.78552
7.4871793
223.33032
-677.54083
-116.09511
19.594357
238.48471
-18.469027
-20.401775
-224.03133
4.329013
-127.64545
-404.31995
14.066152
-119.04071
-828.2163
-83.2108
-120.56002
-1247.3364
-56.079956
52.58537
-420.92432
1.8739033
78.55494
-846.4735
-84.48825
101.060974
-1265.1907
-60.625698
-164.41835
13.842074
-6.889653E-5
-223.84079
-340.9271
14.4155445
-253.11479
-654.14984
-85.256645
164.41835
-13.842074
6.910917E-5
215.91757
-370.0318
8.758243
222.03046
-677.27606
-111.50647
18.783552
238.58838
-17.965519
-18.875431
-224.18358
3.231893
-124.94389
-405.3064
9.86584
-122.68096
-830.5376
-81.776306
-121.28485
-1249.3118
-49.74129
55.4512
-420.58655
2.0384946
78.38362
-845.8126
-86.7416
96.38817
-1263.8058
-49.896507
-164.4057
13.991693
2.156206E-4
-218.37189
-341.88516
6.2691135
-248.19461
-655.7027
-91.34836
164.4057
-13.991693
-2.156206E-4
215.29187
-370.30807
7.018421
218.93466
-678.6874
-110.408005
18.877594
238.93613
-12.375799
-19.081318
-224.18788
-0.83914006
-125.358215
-405.28073
2.4164314
-128.49527
-830.2842
-90.25105
-125.29455
-1248.5442
-52.194378
55.05303
-420.61166
-5.5072904
75.77928
-846.1155
-93.49529
91.61627
-1264.4579
-59.74929
-164.44806
13.484743
8.186779E-5
-217.90875
-342.46234
6.6046114
-247.3441
-655.433
-93.80926
164.44806
-13.484718
-8.208044E-5
220.41652
-368.8898
12.440508
227.12708
-677.4778
-104.300354
17.988293
238.87794
-14.620153
-18.390123
-224.24718
0.09527173
-124.099884
-405.65912
3.987136
-126.84514
-830.8135
-87.997856
-127.95969
-1248.3837
-42.899063
56.353134
-420.46014
-3.6362362
76.104744
-846.18945
-90.75362
90.479866
-1264.3481
-54.194016
-164.55397
12.123874
9.654019E-5
-214.17676
-344.43787
1.1452497
-244.444
-658.62524
-95.13662
164.55397
-12.123874
-9.654019E-5
216.96158
-368.1384
10.34889
226.12852
-677.098
-105.236374
16.744997
239.18309
-10.538271
-16.533459
-224.3789
-2.3968976
-120.76541
-406.68146
-1.1807126
-125.24368
-832.916
-87.950645
-122.93442
-1251.581
-54.570286
59.829716
-419.9322
-7.6485605
76.96229
-846.68335
-90.20106
97.94447
-1265.3613
-64.34567
-164.57799
11.793619
2.2933612E-4
-215.90486
-344.49924
4.5794806
-247.45609
-659.2733
-89.34489
164.57799
-11.793621
-2.2933613E-4
218.35675
-367.54263
12.266633
222.58643
-678.056
-99.373566
15.885452
239.10077
-13.359439
-16.0838
-224.42043
-1.3347421
-119.94147
-406.9405
-1.4607699
-127.24789
-832.6652
-90.511894
-126.48104
-1249.959
-42.916866
60.68107
-419.87543
-3.4566813
73.42268
-846.84283
-85.68503
95.00742
-1265.0906
-54.01604
-164.59782
11.51334
-0.004143497
-215.6439
-344.8147
4.9588137
-248.05806
-660.8219
-84.42108
164.59782
-11.51334
0.004143497
217.49107
-367.40182
12.073266
219.5969
-678.5028
-97.98001
15.2289
239.01965
-15.416878
-15.701851
-224.45142
-0.10944232
-119.241585
-407.15204
-0.14150256
-127.86704
-832.5085
-90.819565
-128.54594
-1249.2234
-38.395763
61.39222
-419.78824
-0.26171315
73.01512
-846.0547
-86.20819
88.70895
-1264.6019
-55.03275
-164.61398
11.279726
1.2056891E-4
-215.60498
-345.01886
7.1596184
-248.5548
-662.0093
-78.46387
164.61398
-11.279753
-1.2056891E-4
218.43825
-367.0096
12.617828
220.85068
-678.386
-96.64775
14.788229
239.01627
-15.891166
-15.383299
-224.47348
0.09241195
-118.66208
-407.3164
-1.3082399
-129.68742
-832.835
-90.959496
-128.67598
-1250.5715
-47.425785
61.986595
-419.69507
1.6487081
71.65814
-845.63196
-86.15349
92.60619
-1264.1292
-57.495895
-164.62646
11.096313
-2.8366657E-4
-219.35349
-344.56876
10.359254
-250.9465
-662.0309
-74.01889
164.62646
-11.096313
2.8366657E-4
216.37204
-367.17517
11.411942
221.88557
-680.20874
-92.89319
14.49279
239.05005
-15.6533575
-15.133196
-224.49033
-0.28381675
-118.201614
-407.4397
-2.819521
-129.7508
-833.41174
-90.22328
-128.53003
-1252.0045
-55.892452
62.45111
-419.6222
1.7739623
72.76527
-845.07495
-88.27346
89.341255
-1263.4836
-55.723953
-164.63237
11.008099
1.8287348E-5
-218.51904
-344.63486
14.640935
-251.44647
-662.94116
-65.962296
164.63239
-11.0081
-1.8074707E-5
213.2998
-367.46356
13.0757265
217.83511
-679.98883
-92.789185
14.954365
239.02621
-15.582807
-15.012874
-224.49818
-0.42876634
-117.97939
-407.4933
-3.6989486
-130.73215
-833.8667
-88.95192
-128.89069
-1252.3627
-53.48714
62.675182
-419.58295
2.119483
68.57839
-845.7103
-85.090515
92.66919
-1264.272
-60.075672
-164.59946
11.490031
-1.6203444E-4
-230.99146
-341.73245
20.639532
-262.54538
-660.8471
-57.271782
164.59946
-11.49003
1.6203443E-4
209.80132
-368.52274
9.19004
209.2961
-680.8409
-97.37966
15.778536
239.23515
-10.843723
-15.668615
-224.43317
-3.0408304
-119.12981
-407.03378
-10.306835
-131.68604
-833.3192
-96.02779
-131.20465
-1251.8433
-60.85174
61.4591
-419.74496
-0.8924875
64.054665
-845.30396
-90.99116
91.95743
-1262.8779
-55.587315
-164.62546
11.111351
4.6781593E-6
-241.27705
-339.56866
27.35081
-273.44803
-660.1886
-43.83818
164.62546
-11.111351
-4.6781593E-6
211.7513
-367.75888
13.4791975
210.81802
-680.6582
-91.36899
14.849549
239.20795
-12.61143
-15.1529
-224.4774
-2.2994514
-118.18882
-407.32242
-9.461739
-130.39159
-834.4001
-91.19753
-132.33253
-1253.2262
-59.877575
62.411263
-419.60034
0.9935553
64.298065
-845.76056
-86.23542
95.6276
-1263.4155
-54.885582
-164.64932
10.751809
1.497011E-4
-231.29889
-341.86838
28.580805
-265.3539
-663.4166
-37.350914
164.64932
-10.751809
-1.497011E-4
210.00485
-367.6192
13.730172
206.70357
-680.27466
-91.795525
14.501286
239.1499
-14.036923
-14.663218
-224.51874
-1.1465539
-117.292336
-407.5747
-8.747772
-129.00952
-834.4247
-91.73461
-133.23445
-1252.7716
-54.7475
63.308327
-419.4245
4.5265007
67.374626
-845.25085
-84.24492
93.39848
-1262.7698
-46.818073
-164.66473
10.512978
1.40344755E-5
-238.87054
-340.45752
30.21894
-271.5604
-662.7295
-32.80602
164.66475
-10.512955
-1.3183905E-5
211.60281
-367.09857
15.605389
206.45668
-679.5893
-90.33365
14.155838
239.14185
-14.51867
-14.337452
-224.53828
-1.4126728
-116.69855
-407.74344
-9.033818
-127.838745
-833.599
-97.056274
-135.49678
-1251.3176
-54.0156
63.918713
-419.34195
3.8325331
68.23427
-843.73615
-91.540085
91.945915
-1260.6315
-46.417553
-164.66678
10.481043
-5.0183888E-5
-235.79585
-341.18268
29.551134
-270.3648
-663.729
-31.019987
164.66678
-10.481016
5.0183888E-5
208.43665
-367.5289
14.177458
202.31142
-679.86865
-92.153946
14.014012
239.10815
-15.195345
-14.294092
-224.54433
-0.7251928
-116.60497
-407.73932
-9.215502
-129.27066
-833.9441
-95.320526
-134.41974
-1251.572
-51.043896
63.979004
-419.27606
6.5463295
66.257256
-843.92505
-87.75673
92.9227
-1260.9443
-45.52014
-164.67273
10.3871765
7.314939E-5
-239.49228
-340.3988
30.842123
-269.97568
-663.0945
-31.111624
164.67273
-10.3871765
-7.314939E-5
210.94379
-367.0377
16.105549
204.40479
-679.0703
-91.099365
14.483752
239.14148
-14.197772
-14.16595
-224.55002
-1.2725055
-116.341644
-407.75256
-11.118926
-131.32222
-832.31433
-104.649086
-132.86705
-1248.8994
-51.22133
64.210304
-419.22342
6.4363346
64.80625
-843.27844
-90.527336
93.099495
-1260.2701
-49.085052
-164.67862
10.293404
-8.420688E-5
-240.77377
-340.48914
27.588535
-273.22916
-663.54095
-31.438416
164.67862
-10.293405
8.5057465E-5
212.06131
-366.78293
16.434467
204.70425
-678.4031
-91.91115
14.392424
239.08981
-15.1303215
-14.038182
-224.55928
-1.032017
-116.103966
-407.80865
-11.143197
-126.53287
-833.0409
-102.213196
-136.57852
-1249.7891
-51.026897
64.43984
-419.164
7.346076
65.859245
-843.3247
-89.1459
92.30716
-1260.4233
-47.5621
-164.62947
11.051384
3.31724E-5
-238.69383
-340.5633
21.945166
-270.09552
-662.9446
-41.175964
164.62947
-11.051435
-3.31724E-5
212.27567
-367.65482
12.800601
203.62915
-679.2655
-95.476746
14.914901
239.35486
-9.316872
-15.068699
-224.44646
-4.660085
-117.86331
-406.98593
-19.241076
-129.27621
-832.1949
-110.30187
-137.19229
-1248.4868
-55.180725
62.55074
-419.45795
2.102541
64.524864
-843.7031
-94.00723
90.83321
-1260.9845
-54.206036
-164.63632
10.949135
-8.505743E-6
-239.40198
-340.58475
20.833733
-270.1102
-662.60657
-44.426933
164.63632
-10.949137
9.3563185E-6
215.62648
-366.95804
16.051453
207.89084
-678.03723
-93.81157
14.429369
239.24693
-12.3571005
-14.930805
-224.47865
-3.37847
-117.61705
-407.11414
-17.513842
-128.07552
-833.7505
-101.75755
-141.11523
-1251.3064
-58.43238
62.776234
-419.3886
5.0914025
65.76691
-844.4475
-87.32615
94.87734
-1261.9889
-52.515335
-164.6311
11.027369
5.9540207E-6
-238.1774
-340.97208
16.951105
-268.2038
-662.14685
-52.65635
164.6311
-11.027317
-5.9540207E-6
215.84502
-366.93646
17.487461
211.23575
-677.9651
-92.69388
14.260346
239.19203
-13.557574
-15.037824
-224.4774
-2.9609554
-117.79602
-407.04303
-17.47117
-127.323975
-834.1802
-99.25191
-138.86285
-1252.1875
-60.051395
62.557117
-419.38214
6.5867844
67.19965
-844.5095
-85.44667
91.52199
-1262.4065
-51.23301
-164.6224
11.156449
1.1057468E-5
-221.06165
-344.26328
9.561879
-250.0238
-663.0263
-70.7583
164.6224
-11.156448
-1.2758615E-5
216.78563
-367.0335
15.183429
212.66985
-677.78
-95.81062
15.200259
239.22713
-11.803925
-15.212757
-224.4495
-4.000059
-118.025635
-406.77524
-20.936241
-130.40579
-833.85474
-102.63599
-131.54134
-1251.6531
-59.702354
62.218327
-419.38422
6.2411966
65.70622
-843.5897
-90.0008
93.882774
-1260.5383
-48.04902
-164.61162
11.314435
-5.1885043E-5
-212.5283
-345.48242
-0.043159064
-239.09964
-662.33154
-88.364174
164.61162
-11.314434
5.103446E-5
217.91086
-366.96652
16.45535
213.71301
-678.443
-92.47017
14.685971
239.22217
-12.532901
-15.4284
-224.43852
-3.782888
-118.410576
-406.66367
-20.773207
-130.032
-833.63196
-103.162544
-128.57799
-1251.4032
-59.976254
61.804176
-419.42953
6.877354
67.61258
-844.25867
-86.45776
93.62413
-1261.2468
-43.513172
-164.61858
11.212658
-2.97701E-5
-211.37184
-345.61414
-9.421219
-239.04704
-662.1542
-98.50808
164.61858
-11.212658
2.97701E-5
218.06442
-366.85318
16.228735
212.73428
-678.3817
-92.49841
14.646214
239.15575
-13.784748
-15.29066
-224.4627
-2.772361
-118.17211
-406.77124
-19.475462
-128.27455
-833.41125
-103.743965
-128.16937
-1250.5869
-55.118195
62.03497
-419.33484
9.294215
67.787704
-845.57574
-77.36957
93.58101
-1263.2941
-42.069305
-164.63309
10.997652
-2.7218379E-5
-215.29279
-344.89835
-19.27793
-239.5042
-659.2583
-116.70281
164.63309
-10.997655
2.8919532E-5
216.9703
-366.6828
18.67821
208.77463
-676.9884
-93.318565
14.58314
239.17525
-13.510104
-14.997183
-224.47809
-3.1103468
-117.635925
-406.912
-19.937763
-127.91587
-832.1086
-111.19124
-126.922005
-1247.9288
-52.09391
62.592545
-419.27206
8.514463
66.97059
-843.95087
-85.57985
97.49472
-1260.9783
-46.127758
-164.64755
10.778759
-6.464366E-5
-218.62889
-344.0288
-28.24211
-244.96474
-654.74255
-136.23946
164.64755
-10.778756
6.209192E-5
215.98141
-366.67163
17.466358
207.24525
-676.84894
-94.84442
13.935954
239.21562
-13.478606
-14.698445
-224.49329
-3.4233105
-117.05303
-406.98798
-21.290257
-128.24992
-833.0051
-108.52014
-128.07285
-1249.236
-52.378952
63.139843
-419.1563
8.721983
66.614494
-843.30817
-87.75667
95.44642
-1259.3109
-37.652542
-164.60938
11.34703
4.763217E-5
-217.84843
-341.97824
-43.896023
-242.51463
-648.85425
-162.71808
164.60938
-11.34703
-4.6781595E-5
215.96553
-367.37845
14.289191
204.76486
-676.6631
-100.24289
14.616877
239.40529
-8.452585
-15.468272
-224.369
-6.6544356
-118.32246
-406.23956
-27.728456
-132.51927
-832.7117
-112.2567
-128.64037
-1248.7119
-54.561867
61.758633
-419.3994
3.3032193
64.05652
-843.5956
-93.01581
95.26864
-1259.544
-43.895935
-164.59521
11.550595
-4.848275E-5
-220.99794
-339.1365
-58.62851
-243.24503
-641.2556
-189.50677
164.59521
-11.550595
4.848275E-5
216.15128
-367.58603
13.443558
208.56128
-677.6172
-99.35295
14.824905
239.47519
-5.643918
-15.740703
-224.27802
-8.752022
-118.74518
-405.85706
-31.536533
-129.03903
-832.5502
-115.51279
-128.38802
-1248.0862
-54.443485
61.288486
-419.46988
-0.5888853
64.69604
-843.9641
-95.55215
94.14223
-1260.3271
-48.918255
-164.64813
10.769901
2.2114937E-5
-224.36777
-336.82144
-72.20675
-244.58327
-630.67126
-221.0141
164.64813
-10.769927
-2.2114937E-5
219.88452
-366.15424
15.840755
214.68219
-675.8728
-97.94554
13.263544
239.42737
-9.93064
-14.680422
-224.403
-7.264672
-116.88541
-406.60565
-28.626768
-125.399315
-834.2549
-107.80153
-127.66685
-1250.4775
-51.644787
63.24563
-419.19122
1.9587064
66.651245
-844.63416
-88.65971
96.95795
-1260.59
-39.038555
-164.57784
11.7956
7.655169E-6
-225.68626
-330.71115
-92.49268
-246.50415
-616.85803
-255.54657
164.57784
-11.795577
-5.1034476E-6
219.81677
-367.27692
13.478249
215.59422
-676.60455
-101.40689
14.732825
239.47527
-5.8777037
-16.06943
-224.18283
-10.432011
-119.31813
-405.51465
-34.06411
-128.26273
-833.47894
-111.46915
-132.93985
-1250.1128
-58.60811
60.71602
-419.5431
-4.238132
64.80688
-845.2267
-93.69066
91.32852
-1261.8462
-47.59497
-164.54436
12.253772
-2.5517233E-5
-227.29196
-325.34647
-108.11487
-246.84296
-602.33185
-286.43158
164.54437
-12.253774
2.7218384E-5
217.3161
-368.2451
9.237898
211.152
-677.3197
-106.238914
15.18018
239.48418
-4.1098948
-16.690172
-224.09209
-11.365677
-120.32875
-404.93164
-36.98005
-129.63329
-833.3473
-111.802536
-128.98962
-1248.9729
-51.346527
59.54801
-419.65195
-4.7263126
67.41306
-845.4796
-93.2356
88.17428
-1261.6631
-40.696663
-164.53064
12.436529
-5.1034463E-6
-233.01065
-318.5898
-123.82261
-251.23766
-585.90466
-316.46356
164.53064
-12.436529
5.1034463E-6
219.68843
-368.09283
8.136589
213.58212
-677.0643
-107.61906
16.213001
239.44278
-2.07255
-16.931772
-223.97717
-13.135756
-120.59172
-404.34946
-41.779305
-130.57866
-833.3179
-113.272995
-125.35097
-1249.9395
-60.36572
59.1065
-419.61096
-6.3830085
66.564514
-845.20325
-96.05216
91.12906
-1260.5135
-38.48521
-164.48015
13.087609
-5.1034463E-6
-231.11423
-310.4495
-143.12105
-251.10342
-566.45483
-350.3931
164.48015
-13.087609
5.1034463E-6
213.90742
-369.66824
2.6816397
208.17993
-678.4221
-113.67241
17.424355
239.34494
3.2237186
-17.801598
-223.70085
-16.310516
-121.979256
-403.2102
-48.301228
-132.7383
-832.91125
-115.13101
-124.73864
-1249.7421
-64.25786
57.534966
-419.66272
-11.477955
64.38301
-845.7511
-98.809494
90.58028
-1261.488
-45.176746
-164.43611
13.629611
6.8045947E-6
-237.3703
-303.3799
-154.22568
-262.67044
-550.86804
-371.04248
164.43611
-13.6296625
-6.8045947E-6
214.41177
-370.0728
-7.1218247
205.63054
-679.35974
-121.85852
17.945164
239.24704
6.2310934
-18.529488
-223.52924
-17.785883
-122.76604
-401.7722
-56.050705
-134.75914
-831.401
-123.1346
-128.82416
-1247.6846
-67.70206
56.11975
-419.61298
-8.917341
58.289925
-846.3406
-93.32017
90.92376
-1261.4629
-38.47103
-164.42102
13.810382
3.2321826E-5
-246.88562
-296.3832
-163.03224
-275.0529
-530.54956
-393.84113
164.42102
-13.810382
-3.2321826E-5
214.43513
-370.14252
-11.225939
204.09192
-678.8446
-127.3984
17.459055
239.35919
1.5359929
-18.790365
-223.68976
-15.32349
-122.995476
-401.614
-55.12605
-135.86073
-832.2878
-114.95558
-127.79675
-1249.4296
-66.708755
55.440353
-419.58664
-0.6873512
58.33567
-846.12964
-85.99689
85.12517
-1262.302
-36.168556
-164.37137
14.3893385
-6.8045965E-6
-247.38815
-290.59277
-172.31981
-280.55197
-504.95486
-421.01453
164.37138
-14.3893385
3.4022983E-6
214.19339
-370.5633
-16.058563
199.12178
-678.33136
-134.17572
18.809278
239.20566
5.182154
-19.565956
-223.48462
-17.227629
-123.92995
-400.21564
-61.66075
-136.97063
-830.59485
-123.537094
-126.517914
-1247.4414
-73.2406
53.947357
-419.51923
-0.91106224
53.829952
-844.749
-92.58753
82.44515
-1260.792
-42.692966
-164.35236
14.604984
-1.0206894E-5
-247.7264
-280.2214
-189.01367
-290.5388
-479.65805
-448.42093
164.35236
-14.604932
1.0206894E-5
213.22409
-370.7114
-19.993093
194.33716
-678.3286
-137.95468
18.292677
239.22345
6.125048
-19.851194
-223.36978
-18.35403
-124.20753
-399.52777
-65.024414
-134.65302
-830.14136
-125.7517
-128.91605
-1247.24
-76.804405
53.406975
-419.45874
-1.550621
54.7701
-844.8526
-92.45286
84.05637
-1260.5349
-40.007114
-164.3649
14.463127
2.7218379E-5
-249.35474
-270.4782
-202.94121
-295.5748
-448.5149
-476.92413
164.3649
-14.463127
-2.721838E-5
214.12436
-370.3386
-21.83195
192.69281
-678.14575
-138.85944
18.359335
239.17998
7.4749403
-19.649883
-223.28925
-19.514112
-123.798004
-399.3625
-66.96292
-134.67128
-831.0615
-119.33376
-131.29332
-1250.0554
-90.477875
53.84679
-419.38177
-3.830906
54.874454
-845.02527
-93.56134
83.25022
-1261.3903
-46.285366
-164.36461
14.466573
1.3609192E-5
-252.00227
-263.59927
-211.1848
-306.69513
-416.8681
-498.26904
164.36461
-14.466573
-1.3609192E-5
210.80748
-370.54617
-25.50274
184.58542
-676.2877
-146.88858
18.161257
239.18391
7.8247876
-19.649462
-223.23135
-20.16601
-123.416756
-398.62726
-70.84757
-140.36351
-830.1162
-123.336105
-127.43912
-1247.9581
-82.82535
53.78801
-419.14078
-2.0987587
52.873665
-846.08636
-85.415146
78.10625
-1263.6735
-48.208416
-164.27937
15.404248
1.0206895E-5
-252.70886
-252.60619
-223.49634
-309.81207
-385.4251
-520.1415
164.27937
-15.404246
-1.360919E-5
209.05281
-371.42334
-29.081476
182.34277
-677.2029
-150.26492
20.44473
238.73851
13.635955
-20.89681
-222.83646
-23.07031
-125.27863
-396.88818
-77.01863
-141.89404
-828.449
-129.0202
-130.52774
-1245.0995
-77.31749
51.51355
-419.24686
-6.3461933
51.0202
-845.81384
-91.58339
75.1203
-1262.8619
-48.10848
-164.30974
15.076778
-1.3609189E-5
-260.82
-238.75868
-236.33308
-322.18063
-353.5594
-539.575
164.30974
-15.076778
1.3609189E-5
215.3424
-370.36026
-27.736876
186.09439
-675.0149
-151.14716
20.642765
238.78944
12.388634
-20.456303
-222.91846
-22.66944
-124.326126
-396.92194
-77.74984
-140.77672
-828.3512
-130.88393
-129.76517
-1244.1455
-72.62763
52.278973
-419.0356
-4.0244675
48.41
-845.52496
-89.56324
82.26049
-1260.9752
-38.034504
-164.31647
15.003085
1.7011485E-5
-270.6833
-229.98042
-241.3901
-342.60587
-325.69156
-548.9068
164.31647
-15.003086
-1.360919E-5
210.34451
-370.5601
-32.56722
175.76443
-674.27606
-156.90878
19.922577
238.93266
10.689549
-20.365074
-223.02385
-21.694004
-123.7363
-396.4416
-79.4926
-140.66269
-828.25574
-129.24251
-129.20862
-1244.4102
-73.7058
52.260155
-418.6859
1.5855522
48.642067
-846.5633
-76.72702
76.91429
-1263.1738
-31.601719
-164.31671
15.000589
3.4022976E-6
-282.41977
-213.41682
-251.94672
-357.44012
-295.03912
-562.7678
164.31671
-15.000589
-3.4022976E-6
211.57611
-370.24155
-34.21121
172.48477
-673.76
-157.6957
19.894741
238.9714
9.842117
-20.363625
-223.0452
-21.474602
-123.40003
-395.97165
-81.30722
-142.43314
-827.7038
-131.0074
-131.21129
-1243.7463
-74.59206
52.125168
-418.4289
4.421097
44.984726
-844.96515
-80.67197
75.77147
-1260.6842
-29.390255
-164.29962
15.186488
-3.4022976E-6
-287.4784
-197.3181
-263.1896
-369.81232
-264.4645
-575.61957
164.29962
-15.186487
0.0
213.62643
-369.99564
-35.73992
173.6975
-673.2852
-159.51846
20.173897
238.90704
10.7905445
-20.607292
-222.92839
-22.433655
-123.5647
-395.2402
-84.145996
-140.45999
-827.8517
-126.417404
-136.52873
-1245.8359
-85.506
51.65805
-418.3286
3.95718
42.257393
-844.17523
-84.31123
75.579865
-1259.7781
-33.676243
-164.37004
14.404409
-3.4022974E-6
-290.10596
-184.13603
-272.71262
-381.8312
-238.41753
-585.02655
164.37004
-14.40446
3.4022974E-6
209.5574
-369.36566
-39.504787
169.27655
-673.20935
-161.8015
18.957224
239.09232
8.688766
-19.561598
-223.19955
-20.598547
-121.63902
-395.95004
-82.54582
-138.90808
-828.67633
-123.46962
-132.3163
-1245.9667
-76.296524
53.45131
-417.84546
9.101406
44.887367
-844.5567
-74.97691
75.78373
-1260.9825
-29.867165
-164.40652
13.981806
1.3609189E-5
-298.3714
-158.02351
-286.4744
-394.72012
-208.17563
-598.0858
164.40652
-13.981753
-1.3609189E-5
210.98871
-368.6887
-40.163162
168.58029
-671.6976
-163.80432
17.854181
239.20758
7.807922
-18.99103
-223.28856
-20.163464
-120.57256
-396.22467
-82.40724
-142.89383
-827.9569
-130.7189
-132.3435
-1244.3082
-76.494354
54.462677
-417.6056
10.584461
44.09984
-842.9301
-80.061356
73.11757
-1259.2661
-32.91973
-164.4199
13.823649
3.4022974E-6
-304.54727
-126.70135
-300.36148
-402.35065
-177.44568
-611.42334
164.4199
-13.82365
3.402298E-6
208.9537
-368.85495
-39.616932
169.26735
-672.91364
-161.57315
17.221441
239.27031
7.289921
-18.771904
-223.25511
-20.730923
-120.230316
-396.3183
-82.82213
-141.82869
-828.48206
-127.464806
-138.18268
-1247.3234
-96.50289
54.947342
-417.64337
8.911491
43.9317
-842.84106
-82.25111
72.61256
-1259.2764
-35.78603
-164.39403
14.128083
6.8045942E-6
-296.5739
-89.455345
-318.432
-391.37622
-142.08064
-630.10986
164.39403
-14.128086
0.0
209.4353
-369.15933
-39.03946
173.80632
-673.8873
-160.57732
17.221807
239.18654
9.654391
-19.168219
-223.0213
-22.78353
-121.021774
-395.90686
-84.7225
-145.48817
-827.7014
-131.4118
-138.88525
-1246.4729
-99.99871
54.41732
-417.97205
3.2812252
40.957542
-842.9092
-88.76378
68.42389
-1259.5494
-43.415092
-164.40738
13.971804
0.0
-295.02246
-71.31054
-324.44818
-380.64685
-112.519516
-640.47076
164.40738
-13.971804
0.0
209.99286
-369.31363
-35.41396
176.25827
-674.4231
-156.53464
17.73061
239.25095
6.6789637
-18.968618
-223.18506
-21.298485
-121.01602
-396.84705
-80.69408
-144.59505
-828.63293
-127.91701
-136.03293
-1246.6262
-87.81334
54.78341
-418.1203
4.409437
44.72903
-844.3752
-81.7921
68.13562
-1262.0344
-44.204197
-164.40263
14.027847
6.8045965E-6
-300.71027
-51.125267
-326.76486
-381.96616
-85.790726
-644.72046
164.4026
-14.027847
-3.4022983E-6
210.41136
-369.32135
-35.35097
176.76015
-674.8917
-155.32732
17.894073
239.24469
6.463791
-19.041405
-223.1402
-21.699636
-121.01104
-396.5246
-82.03245
-143.14195
-827.79626
-134.37747
-137.3459
-1245.1252
-87.441376
54.63276
-418.05554
4.379593
41.50036
-843.2322
-86.600655
72.71069
-1259.7534
-42.600746
-164.40762
13.969013
3.4022974E-6
-300.20792
-32.48537
-330.1519
-379.53934
-59.08509
-649.36804
164.40762
-13.969013
-3.4022974E-6
210.7032
-369.37405
-33.82293
176.38121
-674.3329
-155.15771
17.968498
239.23392
6.6534967
-18.95862
-223.11249
-22.054268
-120.83136
-396.44922
-82.68693
-145.80368
-827.8058
-133.01462
-135.83766
-1245.4059
-89.30145
54.808823
-418.02676
3.7678776
40.900143
-843.0755
-87.69308
69.15748
-1260.0212
-45.766846
-164.34326
14.706927
-2.0413789E-5
-307.77454
-22.582172
-328.0808
-388.96338
-39.33334
-647.49866
164.34326
-14.706925
1.0206892E-5
203.76521
-370.17383
-41.09985
166.32045
-674.76434
-162.43622
19.358652
238.93358
11.661311
-19.936052
-222.75803
-24.625559
-122.077545
-394.66235
-88.78176
-148.10934
-825.8301
-140.17918
-139.14818
-1243.1344
-93.523125
53.028725
-418.0187
0.85806465
36.42872
-843.4601
-88.299545
72.10991
-1259.731
-45.341274
-164.31253
15.046303
3.4022976E-6
-310.5167
-7.9933605
-328.1669
-391.18787
-20.450228
-647.9121
164.31253
-15.04633
0.0
205.4233
-370.0013
-43.78212
165.95818
-674.47266
-164.77686
19.744507
238.79733
13.637736
-20.384811
-222.59285
-25.72704
-122.6688
-393.8944
-91.25389
-147.52701
-825.71265
-137.51501
-140.86253
-1243.4194
-94.1946
52.206635
-418.02997
-0.5317173
36.319626
-843.6637
-88.8976
70.832245
-1259.5201
-41.229233
-164.29008
15.289474
1.360919E-5
-315.60052
4.7469654
-326.48737
-394.7611
1.25315
-646.8331
164.29008
-15.289424
-1.0206895E-5
200.88937
-370.51706
-45.539185
162.3535
-674.86707
-167.13718
19.434504
238.81952
13.694642
-20.708103
-222.49721
-26.29009
-123.13866
-393.44366
-92.51168
-147.4538
-825.75366
-134.24716
-143.78154
-1244.4353
-101.19972
51.613125
-418.0539
-1.2456455
35.080414
-843.5697
-90.05993
69.74524
-1259.4113
-42.371655
-164.28091
15.387655
0.0
-320.92188
16.473774
-324.13333
-401.30066
13.525028
-644.181
164.28091
-15.387655
0.0
199.12906
-370.64462
-46.670036
159.98572
-675.3817
-167.09882
19.600487
238.78357
14.079343
-20.838541
-222.45752
-26.521925
-123.242584
-393.12045
-93.51131
-151.24919
-824.91846
-138.13339
-144.41978
-1243.0452
-99.102036
51.349083
-418.00003
-0.9862137
30.029951
-842.3683
-94.16377
68.613754
-1257.3876
-42.48877
-164.27138
15.489228
3.4022974E-6
-322.59064
27.125511
-323.10928
-402.52914
28.764326
-643.2767
164.27138
-15.489206
3.402298E-6
200.76619
-370.6163
-46.39875
160.77454
-675.65674
-165.77621
20.16455
238.70784
14.55901
-20.975214
-222.43544
-26.599062
-123.39455
-392.88843
-94.09768
-153.88449
-823.8048
-145.15108
-138.65553
-1239.3724
-86.23036
51.070236
-417.97037
-0.6076946
30.786028
-842.0419
-95.35411
63.795837
-1257.2996
-41.768658
-164.26665
15.53922
0.0
-321.0468
35.54325
-323.44983
-399.28885
43.82367
-643.9332
164.26665
-15.539168
3.4022983E-6
202.84395
-370.09772
-48.989845
163.73802
-675.2088
-168.48027
20.451853
238.67827
14.642504
-21.040346
-222.40263
-26.821207
-123.42904
-392.67703
-94.81524
-154.45898
-823.9491
-142.42352
-138.98892
-1240.7129
-92.73892
50.942307
-417.93427
-0.63170815
31.336979
-842.12573
-94.9834
60.962605
-1258.3328
-47.087006
-164.19075
16.32159
1.0206892E-5
-324.78943
40.840683
-321.25827
-406.6331
57.924953
-640.49133
164.19075
-16.321592
-6.804595E-6
199.69872
-370.39447
-54.512135
160.5366
-676.2188
-172.14626
21.85849
238.11078
20.626617
-22.06056
-221.9066
-29.929764
-124.67769
-390.54865
-101.550835
-156.55579
-822.05615
-146.38463
-137.50056
-1239.335
-102.62024
49.12758
-417.86017
-4.7415104
29.027575
-843.12384
-94.02637
62.258896
-1259.7727
-52.802574
-164.137
16.853607
-1.0206892E-5
-322.93387
48.983788
-321.48282
-399.66202
68.34097
-641.8546
164.137
-16.853554
1.0206892E-5
201.74124
-370.50357
-55.8352
162.8409
-675.7583
-175.02539
22.275787
237.77426
23.81572
-22.745333
-221.50082
-32.32701
-125.64363
-389.22305
-105.68363
-155.35414
-821.41284
-145.10791
-139.51892
-1239.1128
-104.16861
47.96653
-417.8735
-9.140856
28.90268
-843.72705
-95.80282
60.276016
-1260.2568
-52.00031
-164.1014
17.196796
6.804595E-6
-322.62244
52.480633
-321.28824
-400.49933
71.89975
-641.379
164.10141
-17.196796
-1.0206892E-5
197.8378
-371.08923
-56.76263
160.3028
-675.9059
-177.50177
23.27207
237.50331
25.506496
-23.196121
-221.33458
-33.135296
-126.3357
-388.61963
-107.14839
-154.19731
-821.0625
-145.1208
-145.13376
-1239.1929
-106.58751
47.15
-417.9074
-10.5400505
30.211832
-845.11346
-90.74646
58.09346
-1262.8391
-57.162674
-164.05444
17.639065
-3.4022974E-6
-323.50867
55.556694
-320.5255
-398.95038
80.56612
-640.81146
164.05444
-17.639065
3.4022974E-6
198.91823
-371.19547
-58.158318
162.42331
-675.99915
-179.24846
23.873764
237.27016
27.072424
-23.769344
-221.05472
-34.566322
-127.23183
-387.75403
-109.44522
-156.00957
-820.1734
-146.99945
-145.69447
-1238.4579
-110.50702
46.14945
-417.93588
-13.372803
26.501904
-843.6983
-100.351715
52.579098
-1260.8654
-59.222656
-164.06367
17.553097
3.4022983E-6
-318.59314
63.90986
-321.8256
-391.78052
94.579605
-642.1426
164.06367
-17.553095
-6.8045965E-6
201.67764
-371.10837
-56.425495
167.12169
-674.532
-181.48552
23.731949
237.25568
27.322838
-23.66206
-221.14728
-34.04389
-127.12744
-388.08936
-108.375984
-151.82007
-820.879
-144.547
-147.5285
-1239.2845
-108.23741
46.329243
-417.97736
-12.616329
29.28154
-844.4053
-96.839584
55.937836
-1261.1202
-51.69463
-164.07016
17.492317
-6.804596E-6
-317.16382
64.81453
-322.3708
-390.45044
99.74094
-642.2289
164.07016
-17.49234
-3.4022974E-6
196.38995
-370.61752
-62.113205
163.75168
-674.5676
-186.40756
23.234295
236.7862
31.503311
-23.534
-220.72281
-36.777603
-126.53032
-386.7663
-113.72768
-150.37729
-819.72015
-148.47354
-146.17448
-1238.0188
-110.94286
46.7283
-417.61444
-16.855534
30.599163
-844.6133
-98.3224
56.014515
-1261.8518
-57.504513
-164.11125
17.102423
3.4022974E-6
-317.66397
65.70116
-321.96234
-392.68402
103.070435
-641.1418
164.11127
-17.1024
-3.4022976E-6
196.82759
-370.20035
-62.06019
166.18631
-673.576
-188.25182
22.216387
237.30136
28.186699
-23.043108
-221.1015
-34.75829
-125.78498
-387.79504
-110.63562
-152.28622
-820.4595
-147.02483
-147.93596
-1238.2817
-104.53137
47.519714
-417.65558
-12.681324
27.902998
-843.81476
-97.70221
53.748245
-1260.3538
-50.50809
-163.99461
18.187075
-2.0413785E-5
-322.08545
65.32764
-319.97665
-402.25592
104.030655
-637.74194
163.99461
-18.187073
1.0206891E-5
192.7147
-370.7466
-66.90987
160.33618
-673.95886
-193.06042
24.0092
236.75243
31.1744
-24.465197
-220.59023
-36.964943
-127.688675
-385.48798
-116.04493
-156.7056
-817.8085
-154.54126
-146.90508
-1235.5688
-112.34835
44.858437
-417.5691
-14.748894
21.101912
-842.42755
-105.0591
51.552246
-1258.6207
-57.561337
-164.02544
17.906881
1.7011493E-5
-325.02313
67.62674
-318.1315
-400.0924
107.68588
-636.97296
164.02544
-17.906902
-2.0413792E-5
193.90614
-370.7092
-65.09729
159.78854
-673.2608
-192.37076
23.690153
237.12079
28.50441
-24.123358
-220.95293
-34.969566
-127.2718
-386.54968
-112.6749
-158.85184
-818.68555
-151.22757
-146.56783
-1236.373
-108.96365
45.37121
-417.66986
-11.033102
22.263372
-843.04456
-99.05241
48.940994
-1260.078
-56.96442
-163.99614
18.173141
0.0
-321.11414
72.22595
-319.36224
-397.21503
110.918594
-638.1279
163.99614
-18.173113
-1.0206891E-5
193.97693
-370.58615
-67.12824
161.14053
-673.16235
-194.67987
23.938488
236.57593
32.538963
-24.437243
-220.50972
-37.46039
-127.58472
-385.26782
-116.92969
-159.75932
-817.0534
-158.77481
-145.20491
-1234.0833
-111.08461
44.94268
-417.50995
-15.612337
21.906517
-843.129
-102.46146
52.550392
-1260.1224
-62.744453
-164.07408
17.455465
3.4022976E-6
-319.0299
70.43123
-320.59674
-388.0913
110.357925
-640.8098
164.07408
-17.455465
-3.4022976E-6
193.19046
-370.88303
-61.977497
158.7564
-673.26465
-189.56927
23.090658
237.23996
28.000446
-23.52037
-221.06624
-34.662937
-126.68645
-387.67175
-110.15712
-158.65585
-819.9248
-147.03845
-144.47183
-1237.3894
-103.19607
46.61564
-417.80676
-12.888824
24.519184
-843.8853
-97.705086
54.909973
-1260.8177
-57.16215
-164.08934
17.31158
-1.0206895E-5
-316.0056
71.6263
-321.82504
-388.97668
107.84743
-641.6113
164.08934
-17.31158
1.0206895E-5
188.68907
-370.37692
-65.87656
155.14024
-673.29346
-192.43109
22.97935
236.97087
30.277903
-23.294142
-220.78018
-36.585514
-126.05719
-386.88446
-113.71602
-157.4639
-818.82367
-154.54639
-149.26514
-1236.7603
-113.78155
47.151886
-417.54968
-16.113024
22.858833
-842.6924
-104.93047
57.42147
-1258.9016
-60.485935
-164.09253
17.281204
3.4022974E-6
-314.33905
70.82864
-322.7362
-389.14825
106.52759
-642.15625
164.09253
-17.28123
3.4022974E-6
188.61101
-370.39215
-65.662285
156.27028
-673.3164
-192.51251
23.242859
236.7557
31.725443
-23.239925
-220.65718
-37.353928
-125.90698
-386.58966
-114.980576
-159.94458
-818.39453
-155.1172
-147.44905
-1235.4797
-107.32756
47.310825
-417.4619
-17.593351
21.435669
-842.9336
-104.36493
53.795322
-1259.6158
-62.78643
-164.05536
17.630688
3.402298E-6
-314.15033
67.759544
-323.35522
-384.07822
104.68042
-643.74084
164.05536
-17.630686
-6.804595E-6
188.88766
-370.8176
-65.133385
159.88051
-674.0187
-192.12833
23.383476
236.55974
33.05613
-23.695492
-220.47375
-38.14234
-126.777405
-386.22513
-115.605865
-160.79248
-818.2656
-153.14249
-151.62354
-1236.1725
-112.27937
46.516132
-417.5503
-19.944212
23.438995
-844.01855
-102.51107
48.7346
-1261.6458
-65.79982
-164.02306
17.928644
-3.4022976E-6
-312.994
67.110504
-324.01978
-385.94165
104.73541
-643.64923
164.02306
-17.928669
3.4022974E-6
189.1504
-371.03384
-65.46266
160.62459
-675.11475
-190.44705
23.649769
236.53816
33.021015
-24.096085
-220.43167
-38.1347
-127.47425
-386.0151
-115.56256
-161.11412
-817.92505
-154.89691
-147.93759
-1235.5254
-112.04376
45.743942
-417.64325
-19.969488
21.814665
-843.9458
-103.147224
50.1915
-1261.5303
-68.24725
-164.01665
17.987185
-6.8045947E-6
-318.85907
66.4192
-321.3692
-390.24005
104.21608
-641.3319
164.01665
-17.987185
6.8045947E-6
188.98119
-371.05774
-65.71107
160.52281
-674.9778
-191.1013
23.47147
236.69965
31.974546
-24.18283
-220.49669
-37.701447
-127.53319
-385.9566
-115.42997
-161.04562
-817.98193
-153.58806
-149.25377
-1236.0867
-115.516785
45.525322
-417.6488
-18.418753
22.137959
-843.8348
-102.34457
48.65134
-1261.224
-63.83119
-163.97069
18.401323
-6.804595E-6
-315.81354
72.30869
-321.92816
-393.3064
104.71562
-641.05927
163.97069
-18.401321
0.0
191.68791
-370.9461
-67.40864
163.56538
-675.7957
-190.59889
23.934433
236.50821
33.030567
-24.719852
-220.25972
-38.724438
-128.2672
-385.03397
-117.63823
-160.56831
-817.2197
-155.01674
-150.04898
-1235.1482
-114.70296
44.538944
-417.59955
-19.745142
20.036251
-843.1591
-106.48431
50.639454
-1260.2815
-68.112785
-163.94519
18.627142
6.8045947E-6
-315.98294
72.003235
-321.9247
-396.1133
105.21227
-640.32117
163.94519
-18.627169
-6.8045947E-6
191.35457
-371.08804
-67.970955
162.66367
-676.20984
-190.35352
24.134916
236.5761
32.392254
-25.028387
-220.27132
-38.459385
-128.7287
-384.8354
-117.610565
-160.70912
-817.15
-153.75342
-146.65506
-1234.6575
-110.27974
43.908676
-417.65018
-18.729523
20.187382
-842.9227
-107.078575
52.119785
-1259.2485
-61.766487
-164.05455
17.638344
1.7011489E-5
-317.27744
74.73501
-320.72214
-390.33304
110.3318
-640.5592
164.05452
-17.638395
-1.0206895E-5
196.20824
-370.76584
-62.186497
170.4026
-675.60425
-185.91043
22.14988
237.41295
27.285172
-23.75844
-220.96225
-35.159813
-127.04876
-387.32327
-111.022255
-157.38588
-819.75024
-147.23804
-145.73804
-1237.5918
-106.33846
46.188347
-417.81445
-13.7900505
23.512161
-843.3911
-100.94119
56.14631
-1260.043
-59.27351
-164.10411
17.170925
-1.7011489E-5
-318.47858
75.43863
-319.95844
-391.13623
112.49834
-639.72
164.10411
-17.170897
1.02068925E-5
193.52065
-370.63763
-61.61121
169.60532
-676.4386
-183.32327
22.207796
237.68008
24.799013
-23.162382
-221.34987
-33.056644
-126.2027
-388.53656
-107.42932
-155.89313
-820.8846
-145.09436
-146.35869
-1239.0332
-106.873375
47.19204
-417.85388
-9.895918
24.940025
-843.7777
-95.44577
53.9509
-1261.288
-60.181587
-164.14186
16.806273
3.4022976E-6
-316.51367
77.9925
-320.37335
-389.48465
114.432304
-640.13477
164.14186
-16.806273
-3.4022976E-6
196.57242
-370.4569
-58.98721
172.33694
-676.4972
-180.03268
21.68836
237.84933
23.607449
-22.682533
-221.51744
-32.257183
-125.50259
-389.22668
-105.75311
-156.86269
-821.02997
-148.03154
-148.28125
-1239.3701
-111.72887
48.0719
-417.84094
-8.786203
22.159307
-841.7002
-103.10933
58.037743
-1257.5012
-55.968243
-164.03441
17.824417
2.0413783E-5
-316.42633
76.48407
-320.836
-394.13913
112.209
-639.5592
164.03441
-17.824417
-2.0413783E-5
193.69034
-371.1496
-62.30444
167.4104
-676.78894
-183.9348
23.79004
237.13031
28.34169
-24.004839
-220.89668
-35.40364
-127.45674
-387.0861
-111.421974
-158.48259
-819.05396
-152.24106
-147.69827
-1237.667
-119.887115
45.73223
-417.84796
-14.262833
22.939425
-842.6522
-105.07503
56.65339
-1258.4639
-56.454174
-163.98206
18.299868
6.804595E-6
-320.76184
70.72916
-319.79877
-393.55417
108.82468
-639.40796
163.98206
-18.29987
-3.402298E-6
192.6682
-371.53766
-63.246773
165.7885
-677.355
-184.2973
24.379517
236.89105
29.803831
-24.623926
-220.63658
-36.580933
-128.3948
-386.19678
-113.531685
-155.9213
-818.3567
-154.82477
-151.99402
-1236.6324
-117.009796
44.608177
-417.8589
-16.325796
21.236467
-842.4423
-108.01918
53.19558
-1257.9033
-55.3815
-164.06143
17.573906
3.402298E-6
-320.45898
71.22988
-319.78247
-387.91965
111.92331
-640.2401
164.06143
-17.573906
-3.402298E-6
198.4816
-370.98767
-59.278786
172.44534
-677.1947
-179.52603
23.45662
237.36406
26.610058
-23.687735
-221.12187
-34.19078
-127.161095
-388.0079
-108.63752
-155.01259
-820.30164
-148.27838
-149.53192
-1238.8464
-113.779
46.29384
-417.9676
-12.875523
24.928015
-842.74365
-104.165085
54.985947
-1258.2966
-51.134792
-163.92958
18.764101
-3.4022976E-6
-322.43073
68.56911
-319.36948
-393.46475
107.43565
-639.28125
163.92958
-18.764101
3.4022976E-6
194.648
-371.95367
-62.557983
166.64003
-677.6461
-183.66809
25.040062
236.80835
29.913391
-25.251581
-220.59225
-36.419907
-129.41156
-385.78326
-113.63797
-158.05428
-817.6501
-157.1771
-148.20862
-1235.0798
-111.84051
43.3749
-417.96356
-15.563704
21.773094
-842.673
-107.107376
50.575104
-1259.0393
-60.1023
-163.94249
18.651058
-1.0206894E-5
-320.38174
76.276695
-319.07062
-390.14392
113.45354
-639.46277
163.94249
-18.651083
6.804595E-6
199.58772
-372.0268
-58.7795
173.611
-677.98346
-179.67497
24.73844
237.12788
27.53851
-25.125694
-220.83987
-34.97792
-129.54422
-386.82208
-110.122345
-160.59767
-818.1704
-157.01947
-145.66371
-1234.1729
-101.171875
43.570007
-418.19254
-14.173466
24.06406
-843.6312
-102.75368
54.485397
-1260.1008
-57.724346
-163.93158
18.74668
-1.7011489E-5
-318.2771
78.43549
-319.7104
-394.64606
112.68537
-638.9199
163.93158
-18.746675
1.3609189E-5
197.69795
-372.21643
-59.32085
172.08505
-678.1632
-180.31903
25.04533
237.28325
25.872635
-25.278616
-221.03638
-33.59926
-129.7737
-387.05902
-108.54767
-159.07497
-818.5567
-155.19699
-146.08823
-1235.0933
-102.960526
43.157753
-418.24457
-10.677786
26.097239
-844.78107
-94.3472
52.79561
-1262.1829
-56.098938
-163.82239
19.678043
3.4022976E-6
-320.72607
74.29359
-319.37186
-398.1704
110.4716
-638.10925
163.82239
-19.678043
-3.4022976E-6
194.46313
-372.5985
-64.0958
166.7202
-677.8375
-186.40472
26.114923
236.78404
29.177479
-26.48862
-220.5082
-36.048355
-131.43951
-385.02356
-113.637085
-156.98528
-816.98804
-158.12451
-150.0398
-1234.428
-112.34606
40.94054
-418.17426
-14.106714
19.827536
-843.3765
-103.4504
60.154625
-1258.5066
-54.046215
-163.79597
19.896748
-2.0413785E-5
-321.425
64.99292
-320.49875
-394.24286
104.12552
-639.9768
163.79597
-19.896746
1.3609189E-5
190.98022
-372.9501
-64.91798
159.53738
-677.5856
-187.83499
26.59241
236.5743
30.421078
-26.76528
-220.32617
-36.94581
-131.89708
-384.57745
-114.84846
-158.11644
-816.6929
-157.43715
-145.30992
-1233.4797
-107.19091
40.472496
-418.1823
-16.160355
22.736385
-844.68787
-99.846825
56.200035
-1261.5419
-60.950176
-163.74626
20.301819
1.0206894E-5
-316.93506
70.16428
-321.9424
-391.65692
106.97737
-641.2565
163.74626
-20.301826
6.804597E-6
195.1105
-372.91278
-65.43534
160.99734
-678.0574
-186.36115
27.420593
236.14998
32.883034
-27.285334
-220.05951
-38.135628
-132.73474
-383.82324
-116.63311
-159.7273
-815.9448
-158.67255
-146.21436
-1233.2919
-113.51854
39.552864
-418.18488
-18.667837
22.309093
-844.03625
-105.72098
52.78097
-1260.456
-60.267483
-163.80923
19.787188
-3.4022976E-6
-320.99457
71.91124
-319.64957
-395.16614
105.781105
-639.41736
163.80923
-19.78724
3.4022976E-6
195.59668
-372.77048
-63.185497
160.06009
-677.2384
-185.40015
26.710764
236.75035
28.910307
-26.650433
-220.61334
-35.2776
-131.87791
-385.3833
-111.945984
-156.49214
-817.8866
-151.44333
-150.11505
-1235.8948
-111.08789
40.605885
-418.31656
-13.141031
26.379442
-844.81494
-97.531586
52.749695
-1262.0692
-57.487785
-163.84258
19.50927
3.402298E-6
-322.5075
69.79902
-319.21213
-394.70587
107.54378
-638.99756
163.84258
-19.50927
-3.402298E-6
196.69086
-372.64764
-61.75991
160.80804
-677.14044
-183.8114
25.712444
237.17186
26.236938
-26.300745
-220.86502
-33.939793
-131.4233
-386.18698
-109.55658
-156.85237
-818.5305
-150.26784
-145.57707
-1236.1632
-107.18855
41.20188
-418.3687
-10.794798
26.561852
-844.1417
-98.704094
56.21786
-1260.508
-52.23186
-163.84569
19.483013
1.0206895E-5
-318.72797
78.97307
-319.48776
-391.03433
116.24104
-639.30475
163.84572
-19.482965
-3.4022985E-6
203.22643
-372.57455
-58.099026
164.6764
-676.3212
-181.19191
25.664896
237.09851
26.937233
-26.263046
-220.85042
-34.063766
-131.46878
-386.34808
-109.17887
-155.91618
-818.8683
-148.59433
-146.7518
-1236.888
-108.90006
41.30755
-418.42493
-11.7360325
26.207771
-843.5635
-102.588684
55.010586
-1260.4357
-60.304134
-163.89096
19.09851
-6.8045965E-6
-316.0334
74.04621
-321.6107
-389.57654
112.42009
-641.0146
163.89096
-19.098507
3.402298E-6
196.34981
-372.65125
-59.555626
157.44048
-676.6455
-181.92209
25.529171
237.24158
25.781782
-25.75777
-221.0228
-33.32351
-130.64313
-386.91574
-108.01351
-153.06335
-819.8801
-143.5693
-148.44003
-1238.033
-104.495094
42.227543
-418.36865
-10.244942
28.0783
-844.85065
-94.73106
54.9046
-1262.8179
-63.36715
-163.94966
18.587843
6.8045965E-6
-317.13293
76.66167
-320.56564
-388.37115
114.66414
-640.5358
163.94966
-18.58787
-6.8045965E-6
201.17783
-371.80707
-58.738823
160.63852
-675.9874
-180.1097
24.732552
237.19263
26.980759
-25.057976
-221.00394
-33.975887
-129.38422
-387.06677
-109.07034
-155.51324
-819.0012
-153.51028
-142.87701
-1235.8768
-103.961685
43.61193
-418.18442
-11.519033
28.672606
-844.0752
-98.80512
58.008244
-1261.0531
-57.953613
-163.97198
18.389866
6.804596E-6
-318.7579
71.754
-320.6144
-389.93787
111.617615
-640.3711
163.97198
-18.38989
-6.804596E-6
195.13359
-372.00656
-59.868237
155.25278
-676.2278
-181.35474
24.210333
237.48602
24.784094
-24.811451
-221.21513
-32.76067
-129.10617
-387.76105
-106.821915
-156.97115
-819.68225
-150.32648
-140.37915
-1236.4927
-101.40078
44.01997
-418.2432
-9.475979
24.616055
-842.9375
-101.5804
60.78681
-1257.9656
-48.25684
-163.84119
19.52105
6.804596E-6
-317.21497
63.64378
-322.69128
-386.10168
105.26001
-642.72675
163.84119
-19.52105
-6.804596E-6
193.38104
-373.44156
-58.88703
153.24338
-677.00745
-181.91826
25.972439
236.90169
28.337599
-26.289278
-220.6337
-35.421024
-131.552
-386.00568
-110.73277
-158.53381
-818.12036
-152.85008
-148.54817
-1236.176
-113.73719
41.37461
-418.40063
-15.1766205
20.053432
-842.09717
-111.36206
57.44535
-1257.188
-59.38671
0.0
0.0
0.0
1.0100001
1.0100001
1.0100001
0.0
0.0
0.0
0.0
0.98707616
1.0192503
0.0
0.0
0.0
0.0
0.0
0.0
0.0
1.0000001
1.02
0.0
0.0
0.0
0.0
0.0
0.0
0.0
0.0
0.0
0.0
0.0
0.0
0.0
0.0
0.0
0.0
0.0
0.0
0.0
0.0
0.0
0.21677816
0.21677816
0.21677816
40
82
true
pointing
