-164.9167
5.241967
1.4459764E-5
-220.05862
-344.29883
66.18613
-289.50348
-661.506
7.3897285
164.9167
-5.241967
-1.531034E-5
233.97327
-355.92096
43.074863
298.97766
-678.0614
73.0748
15.242656
239.1823
-12.628813
-7.126801
-224.21587
17.36246
-108.16952
-406.05914
46.05726
-113.02576
-840.7589
61.468834
-79.73566
-1250.7971
146.08836
83.00909
-413.888
17.298096
80.50329
-848.84393
11.637731
73.61667
-1264.0035
74.84456
-164.72092
9.592641
-4.9333325E-5
-212.2179
-341.34647
64.69755
-302.81024
-648.84216
-13.656822
164.72092
-9.592642
4.848275E-5
238.84583
-360.189
34.463203
320.61646
-662.6646
138.0106
13.065264
239.43614
-9.981788
-13.037238
-223.87018
18.362318
-115.37861
-405.52347
43.42871
-118.32706
-840.3823
54.11098
-91.99539
-1249.4584
145.56293
68.07723
-417.48987
24.007122
88.62584
-851.79834
10.630955
82.01864
-1265.8043
81.02554
-164.86043
6.7850614
-2.8919529E-5
-214.94476
-343.35104
67.05422
-309.23425
-653.90894
7.3609314
164.86043
-6.785125
2.8919529E-5
227.98544
-357.3872
51.89814
297.3536
-650.5868
-82.720024
20.534145
238.53874
-16.661882
-9.229862
-224.26195
15.696844
-108.37886
-408.16724
36.870422
-115.27632
-843.0145
46.104412
-106.64798
-1245.552
165.64175
74.87526
-416.61603
20.818878
96.51808
-850.84314
6.5574265
87.83571
-1265.8231
70.71501
-164.8743
6.4395585
2.2965516E-5
-228.53519
-341.01385
69.45095
-293.82263
-656.98987
0.1925354
164.87428
-6.43962
-2.2114935E-5
236.47748
-357.6723
33.295265
268.15744
-635.12915
-142.52881
11.020494
239.08844
-17.755627
-8.757507
-224.22069
16.534416
-105.07519
-409.9867
34.251648
-125.68357
-844.2468
49.030876
-115.63308
-1242.4492
182.19937
72.972565
-417.3937
26.75119
100.00753
-851.272
11.1385
92.18719
-1267.01
70.3056
-164.904
5.6275597
7.144825E-5
-227.19423
-341.34232
73.0195
-279.80896
-659.118
1.253891
164.904
-5.627624
-7.144825E-5
236.13397
-356.58176
36.844036
326.12555
-667.97504
98.77748
11.26173
238.87314
-20.317526
-7.650153
-224.17055
17.721245
-102.897865
-410.46338
35.689316
-129.88226
-843.9604
59.71389
-117.4951
-1243.4454
188.78067
74.84393
-416.91644
29.710522
94.35696
-851.3473
19.028378
99.34091
-1268.6157
66.59148
-164.99545
1.2251077
-2.5379017E-4
-217.19348
-347.6826
71.6852
-276.53146
-666.9409
12.922047
164.99545
-1.2250415
2.5410907E-4
245.22528
-350.64078
32.738667
331.29608
-668.9309
19.202518
21.664642
238.46202
-16.325035
-1.6644375
-224.16196
19.330017
-92.932594
-412.45566
37.095463
-122.963554
-845.7709
60.78241
-111.78957
-1245.2249
190.05598
86.893906
-413.9966
34.169815
100.93555
-848.5252
19.584854
108.617966
-1266.7284
57.625008
-164.94598
-4.2217646
2.2604017E-4
-217.99413
-346.88678
96.78137
-278.13983
-645.9171
-29.168411
164.94598
4.221764
-2.258275E-4
260.49084
-341.56857
30.003576
367.927
-653.1796
46.00427
27.738237
238.13885
-10.976158
5.7277675
-223.78514
22.636295
-80.38848
-414.10443
44.143387
-126.51549
-845.57947
74.583084
-118.2079
-1248.5782
192.57878
101.67365
-409.85004
39.196342
120.02593
-842.9822
3.353115
124.70043
-1262.2385
27.893063
-164.83313
-7.418781
-1.8904016E-4
-213.9657
-352.08804
91.59186
-252.94783
-661.43036
-16.517883
164.83313
7.4188433
1.8904016E-4
257.87656
-338.18683
38.725384
366.19983
-648.70715
65.98712
21.68624
238.78078
-10.651285
10.061581
-223.55128
23.422003
-71.35686
-415.69507
46.91246
-123.30524
-846.09216
82.755264
-120.29002
-1249.8027
198.55086
108.74608
-408.22952
39.400673
123.44532
-841.22266
0.33839798
136.25601
-1260.6481
18.176401
-164.75552
-8.978566
-2.9089645E-4
-207.4325
-354.03012
93.370514
-285.3531
-660.8358
0.10407257
164.75552
8.978566
2.9089645E-4
250.38083
-338.70557
37.203125
380.9079
-641.76825
33.240845
13.574573
239.48189
-8.009662
12.169858
-223.31651
24.62981
-62.98833
-418.4038
44.433743
-113.609215
-848.1447
88.99046
-111.50272
-1253.3682
199.39645
107.973694
-408.86942
46.805122
129.01144
-840.91284
0.7522507
147.45448
-1260.4637
6.827168
-164.70384
-9.88153
-2.1519535E-4
-229.73148
-352.9548
87.59046
-296.16772
-656.42633
-23.72564
164.70384
9.88153
2.1519535E-4
236.03796
-340.73743
39.72168
372.44724
-641.2189
37.881073
15.145906
239.34601
-9.170217
13.335324
-222.27177
32.286694
-69.58681
-414.01562
53.69248
-101.20966
-845.78015
96.170845
-95.032196
-1253.9813
194.8302
117.86913
-401.494
64.72257
127.87192
-834.3113
22.365047
151.16454
-1253.0703
0.042222977
-164.67809
-10.301984
-1.4459764E-5
-221.41324
-357.23874
77.56292
-278.98087
-658.85
-43.33625
164.67809
10.301984
1.4459764E-5
247.53772
-338.14728
36.29606
399.60373
-630.7726
24.198128
16.308674
239.0557
-13.652741
13.883153
-221.9234
34.384037
-74.35394
-411.68094
51.885185
-97.235115
-843.00476
103.4724
-83.11023
-1252.7043
194.83298
123.54633
-396.75693
73.20707
124.39115
-829.2611
26.68407
154.22758
-1246.7507
-8.13327
-164.81184
-7.877613
8.208044E-5
-209.07565
-359.36606
64.00471
-266.11832
-666.6019
-42.071968
164.81183
7.877674
-8.2080434E-5
229.40671
-339.6188
68.36423
409.31387
-612.74603
24.37637
12.14894
239.01074
-18.062986
10.647591
-222.76343
29.800774
-80.026924
-411.31232
47.89618
-91.10472
-842.7708
102.17202
-77.12197
-1254.1895
185.47363
118.11683
-400.52222
60.6581
128.31378
-834.42725
31.547344
165.71593
-1250.231
-14.369667
-164.70457
-9.869327
-2.466666E-5
-221.49854
-359.90164
62.063034
-269.31064
-668.7304
-43.95012
164.70457
9.86939
2.4666662E-5
232.2664
-333.00037
86.46231
399.83557
-605.26697
4.660988
14.42695
238.7788
-19.404808
13.351555
-222.81743
28.268867
-76.42239
-412.1668
41.96006
-81.8499
-844.0068
94.015785
-65.43287
-1250.9822
196.49252
123.98356
-398.3297
60.76502
134.5497
-832.7186
40.280045
158.1071
-1250.0945
-0.24640274
-164.57407
-11.848098
-4.2103435E-5
-240.49065
-356.87338
69.24023
-256.25278
-668.4363
-38.370667
164.57407
11.848098
4.2103435E-5
255.95502
-330.43433
63.970985
408.02826
-617.6206
6.544903
24.348246
238.12405
-17.438236
16.022593
-222.55963
28.904892
-69.878784
-413.45868
45.593338
-77.363075
-846.60986
84.95076
-57.79535
-1254.9801
181.13214
127.52009
-397.82898
59.71026
145.30711
-831.9992
39.58982
152.84319
-1250.28
76.796616
-164.66946
-10.438822
4.178447E-5
-246.33118
-354.1343
69.31659
-253.03964
-662.87634
-47.01629
164.66946
10.438824
-4.1252875E-5
251.10912
-334.43497
56.482388
406.54242
-617.24274
-12.512142
31.100271
237.08638
-20.562618
14.097277
-222.381
31.192307
-73.34855
-411.84784
54.762383
-73.50658
-846.45245
73.304276
-52.950058
-1256.5168
161.76138
124.49547
-398.8523
58.9432
147.12184
-832.80457
38.98047
153.32149
-1251.7666
67.832275
-164.7879
-8.363285
-1.7840801E-4
-235.03519
-354.90036
67.65614
-252.68364
-674.8315
-11.290718
164.7879
8.363286
1.788333E-4
250.04372
-338.31885
46.292236
417.24493
-614.44055
-22.268517
28.03156
236.38054
-30.634424
11.301466
-222.68341
30.155857
-71.8196
-414.24884
52.372284
-72.21115
-849.0004
67.065384
-52.268265
-1258.8486
156.65712
113.02989
-404.20685
58.450104
151.87894
-837.453
62.130936
157.04527
-1257.407
58.6815
-164.82455
-7.6069145
-9.526436E-5
-223.19135
-353.60837
80.47535
-258.09863
-659.9387
-37.181824
164.82455
7.6069746
9.356318E-5
247.98932
-340.6587
37.345173
400.3714
-628.3373
-16.69889
26.015945
236.4884
-31.565891
10.283239
-222.81384
29.550749
-68.05693
-416.83502
47.400047
-76.92349
-850.9295
74.01532
-44.72273
-1260.6901
160.38321
105.365875
-407.2519
61.829323
155.602
-839.1525
74.60294
196.95367
-1251.7413
141.39029
-164.81154
-7.884081
6.294251E-5
-230.70251
-350.98642
86.82847
-259.7731
-651.87646
-45.534935
164.81154
7.884019
-6.294251E-5
216.42694
-346.0876
40.49612
395.3324
-611.37366
-40.226444
25.201187
236.02582
-35.450104
10.667517
-222.99805
27.983458
-67.43964
-417.2495
44.281837
-73.66998
-851.54724
68.19128
-45.625084
-1261.0476
157.20238
106.18294
-407.40594
59.13687
161.10956
-838.38684
80.666565
181.88687
-1253.2327
142.88611
-164.78972
-8.327761
-4.2528713E-6
-239.0734
-351.21677
80.67873
-256.39514
-645.5839
-67.469666
164.78972
8.327761
4.2528713E-6
207.87857
-346.14096
45.774197
401.89975
-593.65906
-54.17866
27.67014
235.03986
-39.882706
11.291192
-223.42996
24.011623
-63.84025
-418.87183
40.066147
-74.63129
-851.3519
85.557785
-45.11306
-1262.8477
164.29736
105.35059
-409.52515
48.939636
167.27939
-838.9491
80.322014
160.20517
-1220.0352
256.74026
-164.85236
-6.978546
-3.71701E-4
-253.93542
-344.72488
87.12947
-261.63153
-620.08923
-94.57155
164.85236
6.978609
3.71701E-4
202.38638
-347.62616
49.463936
382.26666
-612.0348
-31.968079
21.777082
236.17497
-36.70343
9.444757
-223.112
27.51059
-71.62134
-415.65845
48.821358
-75.82411
-850.07886
70.87197
-66.55653
-1256.9215
174.76215
106.292564
-407.73572
52.701355
173.16913
-835.7037
92.651
184.02177
-1230.2299
236.28705
-164.88033
-6.2830853
-1.0026145E-4
-263.67886
-340.2613
91.090034
-255.07149
-593.35095
-120.502815
164.88033
6.2830853
1.0026145E-4
200.70401
-347.61157
55.454967
293.77542
-664.0109
66.819756
20.090014
236.5351
-35.3205
8.491223
-222.82758
30.012796
-74.4173
-413.9038
56.77197
-64.996216
-848.783
60.81013
-48.25403
-1252.6968
174.71106
105.86669
-407.3545
53.84211
175.10114
-833.7432
105.06933
187.33511
-1216.5378
277.46017
-164.88072
-6.2725477
1.7048698E-4
-265.14154
-339.88815
90.82086
-275.63116
-656.17993
-2.7177505
164.88074
6.272486
-1.70487E-4
228.35999
-343.40265
57.42529
307.08643
-663.71606
67.498245
16.550478
236.81146
-35.3046
8.482689
-222.97743
28.88092
-74.059586
-414.6131
52.599068
-67.5197
-849.16376
71.25246
-52.301147
-1253.5911
183.5333
105.2753
-407.653
53.903297
156.1489
-834.8236
118.41816
184.78264
-1230.2504
257.04626
-164.75279
-9.028688
-1.0674709E-4
-257.3679
-345.79858
87.22653
-266.4775
-660.7644
-10.822044
164.75279
9.028688
1.0674709E-4
232.75623
-339.63965
58.36042
308.90063
-660.5586
47.726524
15.147255
237.44417
-31.47745
12.202924
-222.67691
29.850975
-69.88488
-415.1057
48.092537
-55.214455
-848.79297
78.508896
-27.477903
-1257.2605
172.23735
114.03215
-403.57196
61.596886
155.59409
-832.8502
118.322296
158.18202
-1237.8176
229.65378
-164.67552
-10.342725
-3.0620682E-5
-253.5172
-349.6899
80.93597
-209.42717
-581.09326
-150.16699
164.67552
10.342725
3.0620682E-5
242.335
-333.60703
72.57823
384.53766
-601.46704
-57.534958
9.486682
238.63475
-23.737455
13.97328
-222.48126
30.526
-66.1951
-416.5127
35.509155
-38.280067
-848.1898
81.341446
-48.35855
-1261.6589
154.42859
115.34284
-400.65808
76.10262
175.9386
-829.328
118.4731
123.45986
-1237.1929
203.86765
-164.67552
-10.342725
-3.0620682E-5
-253.5172
-349.6899
80.93597
-209.42717
-581.09326
-150.16699
164.67552
10.342725
3.0620682E-5
242.335
-333.60703
72.57823
384.53766
-601.46704
-57.534958
9.486682
238.63475
-23.737455
13.97328
-222.48126
30.526
-66.1951
-416.5127
35.509155
-38.280067
-848.1898
81.341446
-48.35855
-1261.6589
154.42859
115.34284
-400.65808
76.10262
175.9386
-829.328
118.4731
123.45986
-1237.1929
203.86765
-164.82918
-7.5061197
-2.551723E-5
-256.16565
-349.31522
66.51458
-210.72919
-572.227
-172.53745
164.82918
7.5061197
2.551723E-5
224.18839
-333.0776
100.39525
334.9984
-637.7522
38.795666
4.766027
239.63547
-12.334072
10.122515
-222.28404
33.351845
-73.59676
-414.67282
42.163105
-58.093147
-846.08875
95.68795
-34.35464
-1259.8396
163.85445
108.56242
-401.855
79.86905
168.68753
-831.22534
115.23946
162.0766
-1241.1006
206.66446
-164.80952
-7.925782
-1.360919E-5
-252.72354
-351.3017
62.961082
-247.36115
-437.38797
-255.56741
164.80952
7.925842
1.360919E-5
220.39015
-338.32877
81.35448
383.60034
-584.2829
-66.188736
28.028133
238.10266
-11.025051
10.682685
-222.13687
34.14813
-72.71401
-414.75064
40.85115
-63.546642
-847.93884
79.43753
48.890697
-1241.7634
172.49692
109.34208
-400.72635
83.8686
175.79187
-829.244
118.249466
131.80865
-1241.7638
183.76965
-164.80952
-7.925782
-1.360919E-5
-252.72354
-351.3017
62.961082
-247.36115
-437.38797
-255.56741
164.80952
7.925842
1.360919E-5
220.39015
-338.32877
81.35448
383.60034
-584.2829
-66.188736
28.028133
238.10266
-11.025051
10.682685
-222.13687
34.14813
-72.71401
-414.75064
40.85115
-63.546642
-847.93884
79.43753
48.890697
-1241.7634
172.49692
109.34208
-400.72635
83.8686
175.79187
-829.244
118.249466
131.80865
-1241.7638
183.76965
-164.87596
-6.3968525
2.0413785E-5
-260.19495
-349.79144
50.93573
-246.45177
-439.16177
-266.4348
164.87596
6.3968525
-2.0413785E-5
218.0596
-341.23074
76.98412
385.10077
-581.39465
-75.71993
19.365181
238.96564
-10.97341
8.620838
-222.19919
34.324894
-75.67995
-414.29645
43.91828
-53.585976
-848.51544
57.72836
3.906784
-1248.545
172.0565
105.093994
-402.5918
81.774124
168.91692
-831.43945
117.00633
144.00299
-1244.1292
190.94217
-164.3498
-14.633742
-8.5057445E-6
-264.03104
-359.12607
31.443146
-258.5594
-439.6581
-288.53287
164.34978
14.633803
8.5057445E-6
206.9316
-328.02197
101.85197
285.13766
-642.0104
37.08232
13.642738
239.09435
-15.740515
19.789047
-222.24855
28.965181
-69.18748
-412.44644
26.146997
-65.75108
-847.3502
34.62407
-34.190434
-1255.7274
127.532555
137.69025
-389.0928
77.56876
164.77017
-821.1365
120.34677
175.49127
-1232.2439
205.6446
-164.3498
-14.633742
-8.5057445E-6
-264.03104
-359.12607
31.443146
-258.5594
-439.6581
-288.53287
164.34978
14.633803
8.5057445E-6
206.9316
-328.02197
101.85197
285.13766
-642.0104
37.08232
13.642738
239.09435
-15.740515
19.789047
-222.24855
28.965181
-69.18748
-412.44644
26.146997
-65.75108
-847.3502
34.62407
-34.190434
-1255.7274
127.532555
137.69025
-389.0928
77.56876
164.77017
-821.1365
120.34677
175.49127
-1232.2439
205.6446
-164.5013
-12.818905
5.1034463E-6
-268.5406
-356.06268
30.976156
-262.60712
-451.5575
-284.849
164.50128
12.818964
-5.103446E-6
217.26022
-329.1444
99.38581
359.29614
-595.05945
-34.8341
14.8227005
237.4012
-31.952408
17.394627
-223.22008
22.253714
-65.99254
-415.7841
14.149112
-75.12588
-850.5838
4.620035
-24.947998
-1249.3325
126.610435
127.19501
-396.7328
66.26749
190.13362
-821.56165
135.43533
191.45892
-1232.3917
222.70993
-164.54999
-12.177987
-2.041379E-5
-278.16278
-342.46072
87.20912
-348.28607
-492.84363
-198.04112
164.54999
12.177924
2.381609E-5
253.66681
-328.68713
73.95414
391.49097
-579.32947
-90.61475
0.4723489
237.96565
-31.178831
16.541492
-223.511
19.85463
-61.460964
-416.4837
-8.022972
-73.66977
-850.2621
-38.226433
-78.141716
-1256.3748
68.78989
118.75131
-397.2055
78.874756
194.44296
-820.52026
144.45198
207.90723
-1226.628
250.73059
-164.54999
-12.177987
-2.041379E-5
-278.16278
-342.46072
87.20912
-348.28607
-492.84363
-198.04112
164.54999
12.177924
2.381609E-5
253.66681
-328.68713
73.95414
391.49097
-579.32947
-90.61475
0.4723489
237.96565
-31.178831
16.541492
-223.511
19.85463
-61.460964
-416.4837
-8.022972
-73.66977
-850.2621
-38.226433
-78.141716
-1256.3748
68.78989
118.75131
-397.2055
78.874756
194.44296
-820.52026
144.45198
207.90723
-1226.628
250.73059
-164.5993
-11.492002
6.8045947E-6
-228.95065
-360.1233
62.57109
-356.63223
-568.36676
-159.3119
164.59932
11.492003
-3.402298E-6
254.60345
-329.74274
71.12042
378.92877
-606.29865
-59.11029
9.884007
238.17125
-27.870497
15.631622
-223.8912
15.917845
-63.095688
-415.4604
-18.770235
-77.52388
-843.6747
-93.93245
44.107002
-1179.4027
127.18428
117.349556
-397.76337
75.26375
193.04857
-819.3514
151.14662
164.99736
-1228.4592
241.94276
-164.65428
-10.675614
-6.804595E-6
-225.34618
-360.1802
61.343597
-351.82806
-591.0287
-137.68231
164.65428
10.675551
6.804595E-6
248.35797
-329.21667
84.0653
381.36005
-605.3147
-38.328827
15.19973
238.7307
-19.406792
14.499159
-223.62729
20.139772
-62.632133
-417.61182
-2.6807861
-83.16341
-837.33655
-115.08449
44.38987
-1155.6942
127.35843
113.06555
-400.69537
75.199295
195.09221
-818.5163
164.20667
162.19252
-1223.3274
271.1905
-164.65428
-10.675614
-6.804595E-6
-225.34618
-360.1802
61.343597
-351.82806
-591.0287
-137.68231
164.65428
10.675551
6.804595E-6
248.35797
-329.21667
84.0653
381.36005
-605.3147
-38.328827
15.19973
238.7307
-19.406792
14.499159
-223.62729
20.139772
-62.632133
-417.61182
-2.6807861
-83.16341
-837.33655
-115.08449
44.38987
-1155.6942
127.35843
113.06555
-400.69537
75.199295
195.09221
-818.5163
164.20667
162.19252
-1223.3274
271.1905
-164.72633
-9.499087
2.041379E-5
-239.69073
-355.12717
67.242615
-343.7948
-618.2246
-102.58688
164.72635
9.499026
-2.0413792E-5
270.2077
-334.54645
-10.314931
386.92676
-640.12854
-53.86068
10.172983
237.19136
-35.167732
12.881677
-223.38579
23.618958
-64.7759
-418.0891
10.973043
-77.824234
-833.2699
-118.17664
14.792061
-1169.1138
116.41042
109.573135
-402.62164
74.85635
178.91663
-825.19904
151.30788
145.52663
-1226.855
269.45035
-164.99939
-0.44876567
-1.701149E-6
-270.49677
-335.37015
79.35978
-352.53494
-639.68823
-18.416603
164.99939
0.44876558
0.0
282.63614
-338.943
23.975548
323.64084
-406.1958
-296.4861
15.35828
237.77101
-28.793528
0.6071616
-223.221
28.23151
-86.24078
-414.3955
31.351507
-90.43604
-823.77966
-115.65876
-94.172745
-1221.0126
-252.01141
86.53713
-409.67462
72.40257
169.28592
-817.3561
199.57751
55.405502
-1209.456
298.00958
-164.99939
-0.44876567
-1.701149E-6
-270.49677
-335.37015
79.35978
-352.53494
-639.68823
-18.416603
164.99939
0.44876558
0.0
282.63614
-338.943
23.975548
323.64084
-406.1958
-296.4861
15.35828
237.77101
-28.793528
0.6071616
-223.221
28.23151
-86.24078
-414.3955
31.351507
-90.43604
-823.77966
-115.65876
-94.172745
-1221.0126
-252.01141
86.53713
-409.67462
72.40257
169.28592
-817.3561
199.57751
55.405502
-1209.456
298.00958
-164.89612
-5.8542585
1.8712639E-5
-272.8264
-335.24527
97.22459
-360.3082
-648.5219
41.50499
164.89612
5.8542585
-1.8712639E-5
303.95117
-326.18567
-3.6315312
343.16733
-396.15143
-323.73602
16.055033
237.41301
-31.261753
7.925462
-223.23494
26.98795
-81.38753
-413.0758
17.843086
-96.1701
-827.84344
-112.44224
-30.65136
-1226.529
2.262207
107.3082
-400.60968
79.53573
182.68915
-807.29565
214.2547
69.42299
-1201.9333
302.75275
-164.8384
-7.3011646
-1.0206894E-5
-256.3797
-323.9807
144.68677
-358.5454
-637.7584
147.07942
164.8384
7.3011646
1.0206894E-5
314.72232
-319.9304
7.369781
318.36703
-356.47693
-320.58002
7.5142274
236.22087
-41.751987
9.849988
-222.38295
32.76893
-79.94135
-411.48923
16.145971
-114.97601
-817.80133
-135.20816
-105.02259
-1209.9321
-285.3227
110.68966
-393.76926
100.28256
213.70361
-804.87024
198.30878
121.982
-1202.7432
296.71753
-164.8384
-7.3011646
-1.0206894E-5
-256.3797
-323.9807
144.68677
-358.5454
-637.7584
147.07942
164.8384
7.3011646
1.0206894E-5
314.72232
-319.9304
7.369781
318.36703
-356.47693
-320.58002
7.5142274
236.22087
-41.751987
9.849988
-222.38295
32.76893
-79.94135
-411.48923
16.145971
-114.97601
-817.80133
-135.20816
-105.02259
-1209.9321
-285.3227
110.68966
-393.76926
100.28256
213.70361
-804.87024
198.30878
121.982
-1202.7432
296.71753
-164.87285
-6.476508
-6.804596E-6
-245.42322
-321.38864
154.73203
-341.6277
-634.93994
191.20508
164.87285
6.4764514
3.4022976E-6
309.10126
-321.488
-35.178005
312.19934
-341.22925
-364.57242
6.6725917
237.54593
-33.576954
8.725605
-222.12938
34.74771
-87.69359
-407.31226
12.150221
-110.99654
-824.72186
-108.06284
-116.83663
-1242.28
-152.90817
113.644806
-390.88095
102.68053
226.63684
-793.12915
223.73502
162.27983
-1201.6477
297.02057
-164.79202
-8.281846
6.8045947E-6
-228.4963
-329.62332
149.26964
-334.14783
-642.0684
160.03189
164.79202
8.281846
-6.8045947E-6
301.20685
-324.67612
11.40072
290.75397
-326.20425
-318.43015
6.33875
237.56555
-33.50276
11.106328
-220.99428
40.78205
-91.21371
-402.34406
13.526522
-98.51595
-819.4059
-109.887825
-105.648254
-1234.9612
-170.40952
121.76895
-377.9477
125.749176
238.79617
-775.15436
259.00262
153.80719
-1183.5452
307.92978
-164.79202
-8.281846
6.8045947E-6
-228.4963
-329.62332
149.26964
-334.14783
-642.0684
160.03189
164.79202
8.281846
-6.8045947E-6
301.20685
-324.67612
11.40072
290.75397
-326.20425
-318.43015
6.33875
237.56555
-33.50276
11.106328
-220.99428
40.78205
-91.21371
-402.34406
13.526522
-98.51595
-819.4059
-109.887825
-105.648254
-1234.9612
-170.40952
121.76895
-377.9477
125.749176
238.79617
-775.15436
259.00262
153.80719
-1183.5452
307.92978
-164.49568
-12.89066
1.02068925E-5
-214.62888
-332.82275
157.25815
-310.00043
-640.8439
227.4526
164.49568
12.890659
-1.7011485E-5
317.2771
-310.2996
-42.49593
287.01938
-390.1765
-361.25
-7.4637504
234.85106
-48.88019
17.223265
-219.78387
44.982296
-80.44315
-401.73126
6.8192368
-114.54166
-818.38
-113.455894
-123.16317
-1233.1965
-178.6705
129.45956
-367.71515
143.06056
262.42944
-739.75586
325.07635
193.3398
-1153.2043
351.2855
-164.99805
-0.80297947
-2.2114937E-5
-235.87817
-317.03677
156.75517
-339.43442
-630.3481
153.27525
164.99805
0.80297935
1.8712635E-5
310.9018
-328.12527
10.876859
343.34277
-407.63718
-307.7537
10.899906
236.5628
-38.977383
1.0906665
-224.11336
19.925028
-84.91287
-415.6781
17.408548
-84.01832
-834.8956
-98.69859
-69.95512
-1249.2289
-166.00528
87.66256
-412.0274
55.892014
193.32977
-709.66736
355.0072
131.47398
-1118.8203
426.8941
-165.0
-0.053292744
4.422988E-5
-245.2491
-324.50867
133.74902
-338.36047
-641.0805
130.2069
165.0
0.053348787
-4.465517E-5
286.83472
-320.64703
109.12177
357.47363
-441.5283
-189.70572
19.632402
237.88345
-25.020725
0.0718141
-222.18279
35.493793
-82.97437
-412.07584
69.316284
-62.948006
-831.5962
-43.938515
-42.525192
-1246.5922
-105.267395
83.64305
-412.94043
62.46354
147.47197
-705.7346
377.77676
81.87236
-1110.6442
468.02594
-164.99934
0.4655841
-9.824137E-5
-230.1443
-322.4169
145.26875
-327.98358
-632.03314
86.40224
164.99934
-0.4655273
9.824137E-5
290.2091
-328.89417
77.8278
366.7534
-486.45477
-201.84277
19.042084
237.271
-30.657331
-0.62691206
-222.17322
35.548122
-82.869995
-412.42853
69.29705
-67.35691
-824.48157
-69.25492
-49.741936
-1242.8889
-101.2711
80.910675
-413.75775
62.87922
90.557
-848.632
58.839848
95.44001
-1094.1177
399.5933
-164.9828
-2.3814163
5.9540207E-6
-229.4047
-330.95267
132.25264
-296.51135
-649.26495
76.80919
164.98282
2.3813584
-5.954021E-6
287.79327
-332.46487
48.944767
353.10846
-531.11975
-206.33975
20.28324
236.52385
-35.285362
3.2404969
-224.50365
14.581439
-79.90263
-417.33966
15.803608
-71.408394
-849.0071
-37.263
-56.680607
-1268.2533
-57.65197
91.35832
-413.6654
38.099
106.92398
-846.21924
81.45693
153.42317
-1056.5698
441.99884
-164.99973
0.30157235
4.1252864E-5
-256.38275
-342.7107
59.931026
-300.4027
-669.37354
44.005863
164.99973
-0.30157235
-4.1252864E-5
259.66397
-343.59686
52.792213
342.3365
-575.7218
-166.7146
20.11744
238.02794
-23.194595
-0.41035023
-224.50761
14.871691
-92.00116
-413.35892
21.676956
-65.43863
-845.93384
-15.718063
-47.021683
-1265.2981
-29.662045
90.19591
-413.08142
33.049156
104.42485
-844.4972
86.928696
46.33232
-1203.3243
297.3291
-164.99524
1.2540684
1.4587348E-4
-253.81009
-340.47955
70.214516
-320.13287
-635.67444
-61.547707
164.99524
-1.2540082
-1.454482E-4
224.83757
-347.66745
77.566734
311.72147
-619.90967
-87.46459
15.188061
238.80943
-18.422234
-1.7078898
-224.70927
11.305712
-93.25202
-413.6457
16.07074
-83.25388
-847.86383
-8.004683
-47.15748
-1261.7887
53.34086
86.77119
-414.62335
25.591885
114.05768
-848.3013
5.4937916
71.85946
-1195.916
237.40605
-164.87961
-6.302091
4.8663482E-4
-274.3676
-349.08212
-10.686829
-337.18518
-626.318
-178.3002
164.87961
6.302027
-4.866349E-4
217.09187
-338.95108
87.601814
287.87537
-656.34375
31.462646
21.103
239.0238
-4.7205496
8.58924
-224.71828
7.2744427
-85.30609
-412.40845
14.761986
-102.46432
-846.5926
35.126488
-67.44619
-1261.0984
93.080345
116.58236
-404.76822
11.690576
127.26209
-834.88995
-52.389374
94.69754
-1226.7554
95.19479
-164.95763
-3.7392912
1.65862E-5
-273.072
-347.07028
5.9252343
-316.05582
-658.6746
-93.85008
164.95763
3.7392912
-1.65862E-5
208.46498
-342.64694
87.88448
244.10861
-669.8502
64.06155
17.470219
238.946
-14.128025
5.098778
-224.93253
2.088397
-92.39524
-410.65527
12.187017
-108.11967
-844.45447
40.401264
-70.100044
-1258.5381
99.47138
110.97697
-406.1643
-4.6086516
123.86002
-837.62256
-58.48641
99.501144
-1233.5435
79.547195
-164.8113
-7.8890514
1.3524132E-4
-249.24515
-356.58658
29.6809
-275.47913
-593.12585
-198.92566
164.8113
7.8890514
-1.3524132E-4
204.07178
-336.49753
97.244415
233.32703
-664.7373
79.84302
23.416286
238.01678
-19.992167
10.757406
-224.73442
1.9282664
-73.38538
-416.99258
-5.6072693
-105.39636
-850.242
16.647085
-66.06993
-1259.3165
103.31575
112.81093
-407.95422
12.679346
130.76593
-838.7424
-44.9765
135.94543
-1258.3135
-63.23212
-164.9999
0.1843772
1.4459763E-5
-240.6722
-348.15915
50.3039
-216.23393
-439.4944
-265.86163
164.9999
-0.18443973
-1.360919E-5
172.18451
-341.9906
112.76944
199.98972
-667.29865
64.795105
22.707127
238.7488
-9.132061
-0.25133723
-224.88885
7.0665503
-84.88109
-417.0555
3.9397438
-110.814415
-849.7528
40.347713
-80.25694
-1258.6521
131.27417
83.73797
-416.76282
22.237907
141.34068
-834.3052
-85.30412
182.15456
-1247.8115
-146.51486
-164.99237
1.5868864
-7.4425254E-5
-181.7427
-349.76248
-76.635864
-287.573
-499.75793
-350.86444
164.99237
-1.5869495
7.3999974E-5
182.52768
-341.1305
118.333046
197.26808
-670.70197
126.41787
21.48431
238.63506
-13.846854
-2.1574833
-224.31572
17.40106
-90.14514
-414.81082
25.755192
-118.146126
-847.8799
55.62359
-86.91643
-1253.6543
159.4113
81.78408
-415.63434
38.63788
134.94823
-827.2283
-91.704025
174.68088
-1243.4065
-131.91533
-164.93259
4.7161984
3.2321826E-5
-212.26083
-351.11618
-27.264748
-294.05487
-487.80396
-316.2737
164.93259
-4.716199
-3.0620686E-5
193.99776
-345.08505
113.596886
202.88458
-674.9473
117.045876
18.886908
239.20596
-4.8777413
-6.4161425
-224.384
15.350961
-93.10032
-415.48532
7.217968
-112.2992
-848.6468
42.254467
-77.070526
-1253.0769
149.93533
68.255035
-417.66382
49.514126
134.19714
-825.5354
-86.564606
162.21695
-1244.5155
-94.96314
-164.91663
5.244506
2.2114935E-5
-222.84639
-349.86194
-11.981232
-224.00032
-408.42874
-336.74054
164.91663
-5.2444434
-2.0413789E-5
168.47678
-361.7978
49.568485
195.55284
-671.31195
160.77933
32.23208
237.82355
-1.0251317
-7.11409
-223.7077
23.005558
-95.2067
-414.33508
22.05908
-108.1419
-848.0394
53.01383
-79.064156
-1249.1875
173.98772
67.30522
-415.97308
62.952778
125.30629
-815.76196
-98.38454
171.1234
-1216.4513
-215.6401
-164.9979
0.8324904
0.027317362
-246.09335
-349.46863
17.709246
-183.44754
-387.63168
-304.03458
164.9979
-0.83249044
-0.027317366
161.86966
-351.5429
81.16628
169.48686
-664.62445
185.19473
31.313309
237.48279
-14.879536
-1.1352457
-224.99712
-0.044348635
-98.073296
-411.28458
-0.06538528
-120.11969
-843.58887
42.96934
-107.689224
-1240.7239
179.09152
93.91805
-412.25327
-0.09694025
130.43683
-839.3728
-73.99065
176.36516
-1239.1919
-194.13779
-164.95966
3.6484478
1.0345114E-4
-257.2265
-343.55173
23.21362
-193.48051
-387.23187
-297.61108
164.95966
-3.648386
-1.0345114E-4
140.59709
-341.40802
122.16742
153.53056
-658.282
213.40121
21.281073
238.71846
-12.673106
-4.973797
-224.88617
5.14551
-100.5117
-411.88007
7.550757
-119.2261
-844.86145
44.99263
-116.04631
-1239.9955
187.32672
82.17044
-415.8493
11.387409
121.92172
-840.7788
-72.75389
152.50902
-1243.4412
-188.1987
-164.86209
6.7446723
5.528736E-6
-262.8828
-335.60425
52.81263
-196.17111
-383.85522
-266.75174
164.86209
-6.7446713
-5.8477003E-6
135.412
-337.512
139.0168
136.84203
-659.8467
209.71567
25.581705
238.58888
-4.574414
-9.19245
-224.69339
7.3061295
-99.28534
-414.33215
11.823318
-124.77558
-846.61743
53.111073
-127.90185
-1240.6288
198.52522
65.07145
-420.95953
15.336198
131.84348
-843.09937
-65.68535
140.16815
-1253.6687
-153.7963
-164.95985
-3.6396916
-2.1264359E-5
-226.84909
-355.24936
-46.263863
-215.46156
-504.7511
-340.2359
164.95985
3.6397543
2.0413781E-5
207.3069
-346.14197
73.88827
132.92097
-637.87195
209.01901
43.792213
235.86664
-7.0122128
4.963255
-224.94492
0.39770836
-71.08402
-420.54562
-7.16345
-106.94906
-852.0663
34.412987
-139.49498
-1237.7471
197.48056
89.55354
-416.97745
8.643241
124.620255
-841.0733
-81.567894
126.78498
-1260.4246
-104.801575
-164.95985
-3.6396916
-2.1264359E-5
-226.84909
-355.24936
-46.263863
-215.46156
-504.7511
-340.2359
164.95985
3.6397543
2.0413781E-5
207.3069
-346.14197
73.88827
132.92097
-637.87195
209.01901
43.792213
235.86664
-7.0122128
4.963255
-224.94492
0.39770836
-71.08402
-420.54562
-7.16345
-106.94906
-852.0663
34.412987
-139.49498
-1237.7471
197.48056
89.55354
-416.97745
8.643241
124.620255
-841.0733
-81.567894
126.78498
-1260.4246
-104.801575
-164.96693
-3.3029387
1.7011487E-6
-218.58217
-359.27414
3.1489425
-228.69756
-528.0016
-280.27426
164.96693
3.3030014
-2.551723E-6
201.48422
-341.05157
98.41956
140.94926
-643.5519
215.5908
38.169678
236.83789
-7.133507
4.503908
-224.94974
-1.527036
-72.310104
-419.8446
-16.210186
-96.380455
-852.6807
19.824585
-150.90771
-1235.5709
183.5985
89.12491
-416.76642
10.541624
108.16351
-848.2423
-41.33438
114.69919
-1267.4437
-66.3838
-164.81425
-7.826903
2.2965509E-5
-209.22916
-352.9248
-92.38371
-228.86267
-575.64594
-335.09717
164.81425
7.826905
-2.1264366E-5
199.68771
-330.27386
118.624176
287.50833
-648.0254
103.74106
35.320133
237.079
12.084851
10.672945
-224.7452
0.83256865
-64.8095
-420.26428
-12.384121
-74.832565
-855.10706
-18.409824
-135.6309
-1203.1099
208.74117
104.30203
-412.1474
15.461546
102.781975
-846.2034
-13.139952
107.488434
-1265.7273
-32.572952
-164.93732
-4.547546
9.356318E-6
-238.6346
-353.29547
-50.43401
-246.27548
-592.2013
-277.95462
164.93732
4.547546
-9.356318E-6
200.66446
-334.83984
114.62882
294.45346
-645.5713
55.05014
32.116623
237.62001
10.259314
6.2011924
-224.9145
-0.11523498
-76.64295
-417.5924
-10.701371
-80.2459
-852.3116
-25.908504
-94.923645
-1234.4012
147.85014
99.54052
-412.74365
10.276434
96.72655
-847.7321
8.819023
98.865204
-1267.6809
2.6150975
-164.99968
0.3215654
5.613791E-5
-254.88464
-348.2761
0.61122036
-282.2869
-609.8274
-198.73785
164.99968
-0.3215654
-5.613791E-5
213.40948
-354.89847
39.137035
309.93655
-665.9751
-13.908775
19.350147
238.81529
13.88625
-0.43848383
-224.99948
-0.20971848
-80.88927
-418.20862
-17.469791
-81.58183
-852.92883
-33.054276
-99.91563
-1227.9766
155.10269
79.26975
-418.54773
16.692244
81.29954
-853.45166
25.606382
70.89832
-1273.3125
28.552233
-164.9968
1.027485
1.0206891E-5
-222.6559
-354.31845
-2.164511
-246.97266
-648.2207
-150.25291
164.9968
-1.0274853
-6.804595E-6
222.95102
-354.4883
36.149036
325.8951
-612.09265
-142.57568
25.773432
238.60645
1.64273
-1.4002117
-224.84824
8.143088
-69.7165
-423.14932
-2.324051
-54.78887
-841.33594
-121.16068
-93.03784
-1228.1942
37.829002
64.06474
-422.84656
32.861702
67.20956
-857.57605
17.849312
58.420303
-1274.9061
64.30771
-164.9968
1.027485
1.0206891E-5
-222.6559
-354.31845
-2.164511
-246.97266
-648.2207
-150.25291
164.9968
-1.0274853
-6.804595E-6
222.95102
-354.4883
36.149036
325.8951
-612.09265
-142.57568
25.773432
238.60645
1.64273
-1.4002117
-224.84824
8.143088
-69.7165
-423.14932
-2.324051
-54.78887
-841.33594
-121.16068
-93.03784
-1228.1942
37.829002
64.06474
-422.84656
32.861702
67.20956
-857.57605
17.849312
58.420303
-1274.9061
64.30771
-164.96562
3.3682327
-2.5517234E-5
-223.65646
-351.81363
1.1080611
-264.89478
-651.49866
-130.75655
164.96562
-3.368348
2.5517234E-5
225.63853
-358.13214
7.8388743
315.7007
-599.3727
-198.539
9.837473
238.88571
-20.900684
-4.5920396
-224.90117
4.835117
-88.47893
-416.58392
-13.073021
-50.40155
-832.1174
-135.9838
-54.14439
-1237.0752
-24.650108
71.08654
-419.04266
30.946987
49.77826
-853.27527
16.353224
19.80036
-1269.4695
64.14179
-165.0
0.0025952857
-4.380458E-5
-218.86754
-355.07678
24.837639
-244.64996
-671.19214
-66.30143
165.0
-0.0026542693
4.3591936E-5
255.84332
-347.548
23.658573
372.7011
-545.4133
-213.18225
4.0099783
238.60599
-25.516752
-0.0035575153
-224.94534
-4.9592986
-83.015465
-417.70242
-12.289233
1.2208023
-802.7832
-196.25136
-29.538778
-1214.1764
-117.450874
83.05157
-417.81958
-6.129423
71.03131
-851.1387
30.13492
3.21846
-1253.5645
129.4066
-165.0
0.0025952857
-4.380458E-5
-218.86754
-355.07678
24.837639
-244.64996
-671.19214
-66.30143
165.0
-0.0026542693
4.3591936E-5
255.84332
-347.548
23.658573
372.7011
-545.4133
-213.18225
4.0099783
238.60599
-25.516752
-0.0035575153
-224.94534
-4.9592986
-83.015465
-417.70242
-12.289233
1.2208023
-802.7832
-196.25136
-29.538778
-1214.1764
-117.450874
83.05157
-417.81958
-6.129423
71.03131
-851.1387
30.13492
3.21846
-1253.5645
129.4066
-164.99815
-0.7801281
-4.4229877E-5
-222.22748
-352.3089
52.462574
-251.25156
-672.30695
-22.762775
164.99815
0.7801282
4.508046E-5
259.04388
-342.6885
52.7704
374.07123
-508.79697
-208.1447
3.510261
239.05937
-20.935526
1.0636133
-224.97105
3.448062
-80.6252
-418.40137
0.03460145
-7.273308
-809.7003
-175.264
-33.336075
-1222.2635
-101.0188
84.506424
-417.4558
12.770878
71.10246
-850.86414
47.44837
1.4083786
-1250.9587
154.53247
-164.99834
-0.7405383
-4.3379296E-5
-238.72945
-343.07782
83.48003
-275.326
-666.7987
30.892208
164.99834
0.74047947
4.2954E-5
270.80856
-341.4968
35.74701
375.18918
-453.59003
-256.55386
24.278685
235.74513
-37.87848
1.0096303
-224.96346
3.9275084
-86.436325
-415.8589
0.44240308
-12.248611
-804.9464
-179.36888
29.878212
-1222.3987
-160.42302
90.074036
-414.87128
14.053848
74.58179
-847.1616
59.98898
-21.550446
-1240.7837
170.53423
-164.99834
-0.7405383
-4.3379296E-5
-238.72945
-343.07782
83.48003
-275.326
-666.7987
30.892208
164.99834
0.74047947
4.2954E-5
270.80856
-341.4968
35.74701
375.18918
-453.59003
-256.55386
24.278685
235.74513
-37.87848
1.0096303
-224.96346
3.9275084
-86.436325
-415.8589
0.44240308
-12.248611
-804.9464
-179.36888
29.878212
-1222.3987
-160.42302
90.074036
-414.87128
14.053848
74.58179
-847.1616
59.98898
-21.550446
-1240.7837
170.53423
-164.99994
0.14575548
-7.357469E-5
-235.78722
-345.9856
69.15373
-279.40604
-670.486
27.960472
164.99994
-0.14575548
7.399998E-5
274.10007
-342.5269
21.732801
385.2592
-447.7272
-270.63092
30.761189
233.60864
-45.61523
-0.19871776
-224.94586
4.931515
-87.231094
-416.06165
5.276968
-14.164032
-797.041
-191.55019
32.798603
-1212.7745
-154.66953
86.43258
-416.07544
12.963266
72.45659
-846.7013
72.88873
-43.65474
-1239.4019
166.18626
-164.9889
1.9137322
7.602009E-5
-237.96255
-343.9889
68.016365
-285.21634
-668.6732
32.701435
164.9889
-1.9137322
-7.602009E-5
276.89914
-341.63593
40.80329
388.2444
-437.70367
-254.61713
33.973022
235.07233
-34.45037
-2.605452
-224.62495
12.721704
-91.59799
-414.61414
21.911015
-15.11058
-792.1467
-180.18753
87.56681
-1191.3656
-260.6963
81.88889
-416.47406
25.15667
70.12902
-848.5095
74.472626
-56.10933
-1233.1396
186.38113
-164.93445
4.650592
-1.063218E-4
-246.42639
-333.589
92.48251
-291.14972
-657.12573
45.325226
164.93445
-4.65065
1.071724E-4
285.79065
-338.72217
58.223976
366.42755
-510.82715
-211.5492
16.005217
238.76955
-18.24654
-6.300868
-223.46019
25.511581
-99.700035
-410.7176
43.15428
-20.613716
-783.7598
-166.15375
79.07828
-1187.185
-227.06021
76.07358
-414.92847
51.09185
66.88481
-847.84015
92.66139
-49.0235
-1239.6361
189.93
-164.92703
4.9065504
3.062068E-5
-240.40608
-333.61853
96.45561
-293.40067
-654.9373
43.109554
164.92703
-4.9065485
-3.4022967E-5
279.1292
-342.6846
49.6372
381.2354
-445.82965
-246.73322
17.533457
223.10954
-86.68744
-6.6598196
-223.86157
21.601833
-95.87051
-413.7646
30.450779
-23.417664
-803.583
-148.48265
70.376015
-1210.7253
-191.35286
70.47554
-417.1573
49.653603
62.241905
-851.07874
79.13864
-49.484764
-1242.0898
184.1506
-164.90904
5.478199
-6.6344815E-5
-246.82445
-324.82007
117.44317
-292.15558
-642.4583
40.30021
164.90904
-5.4781384
6.464365E-5
264.63293
-346.5007
57.954983
383.12973
-506.26654
-205.35736
11.434622
236.01286
-42.03782
-7.4429865
-224.05644
19.191347
-90.672226
-416.7089
26.802214
-34.708202
-830.33777
-95.68938
-13.083872
-1181.1885
134.17181
62.33702
-420.4558
44.843567
63.124115
-853.8335
82.36882
-43.96866
-1242.2246
201.04268
-164.90904
5.478199
-6.6344815E-5
-246.82445
-324.82007
117.44317
-292.15558
-642.4583
40.30021
164.90904
-5.4781384
6.464365E-5
264.63293
-346.5007
57.954983
383.12973
-506.26654
-205.35736
11.434622
236.01286
-42.03782
-7.4429865
-224.05644
19.191347
-90.672226
-416.7089
26.802214
-34.708202
-830.33777
-95.68938
-13.083872
-1181.1885
134.17181
62.33702
-420.4558
44.843567
63.124115
-853.8335
82.36882
-43.96866
-1242.2246
201.04268
-164.89745
5.8167295
-4.2528725E-5
-251.52527
-332.17673
88.63425
-284.9809
-642.65405
-18.064095
164.89745
-5.816668
4.5931018E-5
239.61499
-347.2334
86.324455
393.05762
-535.6118
-136.9891
9.159559
237.89735
-30.347103
-7.9314427
-224.84874
-2.266608
-85.651054
-419.61798
8.896039
-29.760193
-839.07446
-91.888336
-32.74038
-1187.1534
143.12686
55.795723
-424.37363
-17.38843
58.92347
-849.5693
74.393326
-69.76592
-1214.7308
237.16945
-164.99991
0.17497104
-2.721838E-5
-219.29175
-353.75406
37.237675
-286.55954
-672.3469
-16.368382
164.99991
-0.17509255
2.8919532E-5
268.393
-339.0204
63.98229
364.2126
-568.9593
-152.45874
4.936484
239.62775
-12.416735
-0.23844013
-224.78926
-9.73313
-77.9057
-418.50247
-33.035328
-44.994205
-852.07666
-45.496124
-1.9715996
-1191.8573
197.60509
77.45985
-419.7764
-3.1758795
93.84493
-844.9346
87.36157
-24.769203
-1220.4862
233.27814
-164.95114
-4.014946
5.7839057E-5
-201.64075
-358.96246
47.604137
-260.33826
-667.3926
-54.010044
164.95114
4.015064
-5.8689628E-5
262.93332
-336.26562
64.87311
369.095
-598.3159
-105.30142
5.5978193
239.93353
0.75220096
5.4730268
-224.85248
-6.0337586
-73.60491
-418.84686
-20.62344
-40.925823
-852.41345
-33.931442
-10.209528
-1187.8232
216.9805
94.0912
-415.18994
-1.736495
105.80314
-842.0027
81.442406
-7.490349
-1214.6261
238.65683
-164.98982
-1.832879
4.2528723E-6
-213.99533
-353.90494
56.953735
-247.10367
-649.8302
-85.28563
164.98982
1.8329358
-3.4022983E-6
253.20497
-339.4813
72.95664
346.33862
-618.40564
-76.80088
-4.8284464
239.80647
8.339107
2.4967568
-224.74898
-10.327726
-82.82621
-415.78967
-28.312222
-52.3117
-849.5889
-38.89879
-29.060432
-1191.2637
204.24266
92.37262
-414.54376
-9.809567
119.299614
-848.19275
11.368434
16.669342
-1179.066
248.83398
-164.99826
-0.75633025
-5.954021E-5
-213.54012
-351.7366
63.690777
-232.83006
-630.2689
-112.22864
164.99826
0.75633025
5.954021E-5
231.83887
-345.8012
70.92402
330.998
-646.1719
-23.12365
-14.961569
238.01662
26.911755
1.0312998
-224.98438
-2.4419532
-87.595474
-415.15674
-11.373426
-63.19198
-849.2765
-24.392265
-45.02336
-1193.1667
216.04367
91.45585
-414.4579
2.373302
124.99133
-846.81946
36.488525
65.97578
-1223.99
211.58723
-164.98918
-1.8895298
-1.3183901E-5
-222.52847
-354.22025
46.39282
-219.50504
-601.7433
-171.83458
164.98918
1.8895302
1.4034477E-5
238.9192
-339.6507
86.51369
329.7771
-649.32043
17.59713
-16.51447
238.02965
25.868095
2.576605
-224.98395
-0.76317024
-83.229225
-416.55194
-7.01333
-66.333984
-850.7444
-27.421349
-51.65467
-1195.6516
211.79303
92.76201
-414.56775
4.195003
134.76132
-847.12445
23.056944
57.895363
-1222.099
195.9318
-164.88016
-6.287618
-1.6160911E-5
-216.88185
-361.51727
26.603168
-225.60301
-602.82745
-198.32648
164.88016
6.2876773
1.7862063E-5
243.06839
-331.894
95.49733
330.13983
-645.7142
42.24833
-14.57807
238.53578
22.094448
8.5679245
-224.6759
-8.504738
-70.806465
-417.98242
-29.296444
-50.3927
-852.49
-32.67965
-38.54929
-1199.6432
203.42288
102.85287
-412.20972
-2.068944
156.35487
-842.9581
26.538086
87.93135
-1220.1597
198.11098
-164.76419
-8.818166
0.0
-223.25299
-360.51788
49.863472
-230.43503
-567.5321
-207.0286
164.76419
8.818223
0.0
242.52956
-325.1413
109.652115
331.42966
-619.9348
-9.064117
-14.376451
238.08
26.66893
12.018163
-224.55443
-7.474449
-67.75694
-416.93597
-34.405403
-53.053795
-851.6692
-30.425192
-34.845104
-1196.6476
208.44371
112.46137
-408.40237
7.054757
169.69379
-837.55255
-35.130257
108.43562
-1182.9312
195.8699
-164.73033
-9.429516
0.0
-232.0765
-351.29044
90.5295
-228.26283
-507.3451
-200.21506
164.73033
9.429516
0.0
240.51361
-306.43637
155.19553
328.6501
-602.26855
38.51101
-15.759786
237.00632
34.345787
12.858269
-224.62921
1.1737307
-66.69203
-417.80414
-20.16171
-61.640915
-852.53894
-5.8390656
-40.631622
-1201.3997
227.08755
113.831894
-407.28326
24.450764
183.53217
-832.7761
-33.192276
173.23332
-1207.8196
155.58365
-164.72667
-9.4932785
-1.7011485E-5
-252.19443
-343.21454
102.856766
-215.8493
-462.12805
-202.82054
164.72667
9.493405
1.8712637E-5
207.1168
-291.08105
193.54086
323.52954
-585.4601
100.32576
-14.480249
236.78207
36.39476
12.94497
-224.61923
-1.9038472
-63.581215
-419.68686
-15.773304
-65.40557
-853.3296
18.51471
-54.7282
-1204.476
248.69334
111.46216
-409.76993
8.753878
207.99184
-829.1024
-55.021194
164.03133
-1187.0837
160.19238
-164.79694
-8.183429
-2.7218384E-5
-283.27243
-348.126
-1.6144714
-217.32086
-445.4469
-309.96335
164.79694
8.183549
2.551723E-5
178.91815
-266.61816
232.13062
293.45923
-561.4964
138.17766
-15.135578
234.26566
49.905052
11.155321
-224.64255
6.023332
-62.951706
-420.76624
-5.962094
-80.29725
-854.04565
28.578835
-67.53001
-1209.6255
251.73782
103.95768
-411.71277
28.214764
216.634
-827.308
-33.507652
158.72104
-1176.8368
192.04877
-164.92642
-4.927059
-7.655168E-6
-300.0324
-338.4716
9.717546
-220.7402
-421.66592
-299.6228
164.92642
4.9271193
1.1908043E-5
156.00632
-242.20789
261.61942
266.16455
-542.6991
181.18196
-18.656633
233.4682
52.388226
6.7122316
-224.6812
9.914682
-68.66792
-420.61676
4.7105927
-78.73691
-854.61206
32.490353
-84.40314
-1208.7509
258.2194
93.19542
-414.75848
32.07953
225.1932
-822.9741
-39.764664
155.95444
-1167.4221
190.3691
-164.93524
-4.622496
4.946622E-4
-260.2307
-334.53726
-108.05049
-149.74603
-422.61804
-406.27008
164.93524
4.622496
-4.946622E-4
123.66083
-219.21593
278.9131
240.32439
-488.1754
127.419174
-29.4478
230.51637
59.958572
6.301864
-224.85562
5.0231385
-80.27154
-416.14658
8.603311
-102.37275
-849.6162
37.59655
-130.70917
-1203.071
262.68918
103.4415
-410.97482
9.873995
245.84628
-820.0508
-30.1598
169.89124
-1164.7032
197.53624
-164.40363
-14.015943
1.1908042E-5
-218.33759
-341.74072
-138.87973
-69.68376
-426.0724
-421.17426
164.40363
14.015946
-1.5310343E-5
104.6586
-223.90248
263.48688
177.25885
-485.45575
75.819336
-32.945274
228.52704
65.498116
19.09836
-224.01932
8.69495
-64.998276
-414.83292
33.55311
-81.60676
-849.32825
46.318993
-145.19705
-1193.916
277.8693
134.94456
-398.84418
-2.071992
241.25276
-819.46216
-33.7592
149.1222
-1160.6567
193.17296
-164.99898
0.5812296
6.8045947E-6
-164.75987
-341.9979
-110.63222
63.40016
-441.34402
-327.3656
164.99898
-0.58122975
-1.3609192E-5
-23.631638
-102.136055
289.31836
86.48914
-390.58026
172.8136
-58.843052
212.38283
95.03174
-0.78115726
-221.76154
38.0291
-88.01198
-386.34473
134.99896
-123.30627
-818.391
171.2667
-260.49216
-1151.2319
387.5927
94.04575
-403.76404
-6.501072
192.01054
-821.76465
-76.52525
41.402176
-1142.1282
149.49315
-164.581
11.751371
0.0
-92.62551
-314.93262
-133.0413
142.03558
-409.27365
-345.01758
164.581
-11.751369
1.36091885E-5
-17.142258
-98.27771
298.47922
94.61463
-393.345
201.80603
-59.186134
215.46033
87.6005
-15.6751995
-219.5361
46.724636
-104.29063
-381.6347
146.58131
-148.19928
-811.79596
194.10335
-290.42896
-1147.3715
402.81317
56.994057
-413.93805
14.676834
96.23795
-842.28186
-50.180664
0.43013
-1180.6849
179.39331
0.0
0.0
0.0
1.0
1.0
1.0
1.0
1.0
1.0
1.0
1.0
1.0
1.0
1.0
1.0
0.0
0.0
0.0
1.0
1.0
1.0
1.0
1.0
1.0
0.0
0.0
0.0
0.0
0.0
0.0
1.0
1.0
1.0
1.0
1.0
1.0
1.0
1.0
1.0
1.0
1.0
1.0
0.42630225
0.42630225
0.42630225
56
87
true
walking
