-184.96198
3.7505076
3.0517578E-5
-419.723
-168.8008
-132.3378
-652.83167
-134.75677
-318.0832
184.96196
-3.7504756
-3.0994415E-5
232.98045
-318.72406
29.763466
296.94604
-599.67163
-53.764114
36.299652
283.87177
42.02804
-4.7499676
-234.25426
-13.025184
-120.36306
-466.26056
-20.643242
-121.24932
-960.5415
-11.919189
-115.65047
-1404.0977
98.07429
101.36317
-470.75653
-31.45749
106.40891
-952.5275
-39.91252
92.51087
-1406.04
62.939247
-184.97025
3.3188431
-2.8610233E-5
-400.35898
-203.35718
-115.293976
-639.50287
-169.10532
-293.16193
184.97021
-3.3188753
2.7656559E-5
239.61555
-315.54108
43.94537
302.73074
-595.20874
-44.38632
41.914597
280.93427
46.269863
-4.1606617
-231.88806
-13.311834
-120.00126
-461.77225
-18.924454
-120.06719
-956.82355
3.5076752
-117.071724
-1403.062
106.80895
103.35863
-465.77994
-34.322884
111.87295
-947.5529
-38.64541
97.61389
-1406.1108
58.56336
-184.97934
2.7640753
-4.291534E-6
-411.65085
-192.552
-113.453285
-641.9417
-133.73125
-296.50034
184.97934
-2.7640753
4.291534E-6
242.85884
-314.12195
45.893696
300.33228
-595.6033
-40.506924
45.446716
279.82837
48.22752
-3.4542158
-231.16774
-12.124735
-119.4924
-460.6532
-16.754147
-118.8746
-953.4015
7.2981615
-117.91047
-1402.0176
109.820366
105.67557
-464.01776
-31.744791
113.76578
-945.1632
-35.775215
100.26075
-1402.73
61.97938
-184.98259
2.538021
-4.7683716E-5
-410.69702
-196.99039
-107.895515
-611.9205
-90.50547
-303.26715
184.98259
-2.538021
4.7683716E-5
245.18385
-313.84726
43.155186
304.7061
-596.2042
-38.891407
46.91493
279.63354
44.220566
-3.2417192
-236.27573
-10.872582
-120.0087
-470.99384
-11.490017
-120.66552
-949.4855
6.409748
-119.15244
-1400.7504
102.79532
107.041824
-474.10907
-32.000313
116.67725
-956.2805
-35.977753
101.501205
-1415.6194
62.86763
-184.97937
2.763297
5.817413E-5
-419.10834
-176.25238
-124.647575
-586.2921
-15.128891
-314.6181
184.97934
-2.763297
-5.9127804E-5
247.89606
-313.7393
41.658512
302.97025
-596.4946
-42.10448
47.23975
282.572
39.18672
-3.4984572
-234.19379
-10.704617
-119.58315
-466.70572
-12.725836
-125.54859
-960.8849
11.28672
-116.82106
-1404.8782
105.67348
105.58934
-470.06943
-30.09263
117.59296
-952.126
-34.097355
100.72894
-1414.5209
73.53643
-184.96008
3.842583
1.7642977E-5
-429.78656
-145.36934
-142.11197
-531.47046
67.813126
-327.08124
184.9601
-3.842583
-1.716614E-5
240.88954
-316.57257
38.365063
290.9929
-597.4685
-54.301624
44.954685
278.5637
40.4472
-4.906768
-236.18599
-12.014019
-122.40364
-470.0329
-15.801691
-125.470566
-960.51965
6.548767
-117.59308
-1409.9313
104.055275
102.77658
-474.71106
-32.254383
115.522865
-957.5477
-36.93728
96.028915
-1423.2803
82.66969
-184.94995
4.3030157
-2.861023E-6
-416.98157
-135.83266
-170.06863
-469.4069
104.507385
-341.79004
184.94995
-4.3030157
2.861023E-6
286.19714
-303.9966
48.298763
310.3555
-591.6808
-33.27441
43.62441
274.4146
30.405403
-5.556862
-238.84424
-16.2965
-123.92627
-475.06384
-20.700531
-127.84771
-963.8829
1.4251499
-121.03722
-1413.7927
98.590744
101.69883
-480.31317
-44.485466
113.07642
-965.0563
-51.812973
93.38076
-1433.0349
72.40391
-184.95071
4.270095
-6.389619E-5
-389.63895
-136.10939
-201.98106
-394.2586
121.51738
-355.6271
184.95071
-4.270095
6.389619E-5
288.0553
-301.01596
60.920708
313.94464
-586.6778
-26.982986
42.37827
270.29288
24.578598
-5.5898247
-242.11496
-17.970522
-123.661415
-481.63297
-19.619026
-130.57697
-971.43176
3.0046396
-124.81061
-1420.7794
101.83956
101.30215
-486.82684
-52.263065
112.1673
-972.7174
-61.850037
91.24516
-1444.6667
64.41591
-184.97664
2.9407523
5.722046E-6
-387.5007
-141.3467
-201.40787
-331.817
115.48424
-346.10477
184.97661
-2.940785
-8.583069E-6
271.34433
-306.09238
55.133823
295.20786
-593.68964
-26.8317
44.40778
266.78256
21.986652
-3.8420205
-241.66907
-18.379591
-118.32945
-481.57907
-19.230833
-130.16183
-972.438
-0.10478401
-124.013985
-1425.6284
99.84676
102.9614
-485.09717
-54.28753
111.41244
-965.6394
-65.61201
92.17259
-1446.5399
62.568813
-184.99976
0.31004083
-3.6239628E-5
-369.6084
-112.54199
-235.7628
-272.71457
140.20865
-365.10233
184.99973
-0.31007278
3.242493E-5
272.28635
-303.42093
53.896763
297.32935
-591.54114
-25.85027
46.009075
263.6787
14.887255
-0.40096164
-239.27388
-17.420507
-108.426315
-478.36737
-15.422562
-128.17645
-974.1928
-8.267548
-121.95697
-1435.2572
91.944984
106.822464
-478.72812
-54.25947
112.45143
-954.4595
-71.55549
92.38495
-1429.2437
54.805862
-184.99992
0.17649475
3.433228E-5
-362.99597
-141.50719
-225.04027
-239.38567
100.92381
-351.32452
184.99994
-0.17646298
-3.242493E-5
269.94113
-303.34177
57.234325
297.7595
-591.50995
-21.412045
43.66661
265.37677
14.453302
-0.2275362
-238.55695
-17.666918
-109.14765
-477.01022
-15.606734
-127.34807
-966.2349
-14.170064
-121.21026
-1438.5813
90.90169
108.23752
-477.2176
-55.060936
111.28793
-953.6508
-76.082405
91.23803
-1421.5127
46.705463
-184.9983
0.7916749
2.479567E-5
-351.88058
-152.8479
-225.71036
-200.33044
77.268036
-344.36615
184.99832
-0.7916749
-2.3841996E-5
265.93405
-305.6808
53.77775
293.29556
-594.7304
-21.731613
41.395596
266.93927
16.790577
-1.0316439
-241.08781
-18.062708
-115.52554
-481.69012
-20.521168
-130.1033
-968.4747
-13.059655
-119.63502
-1433.5216
90.4055
111.39897
-482.6612
-51.729664
108.484085
-961.01984
-77.0784
92.48686
-1424.6703
46.580776
-184.99529
1.3224728
0.0
-348.10654
-145.38104
-232.96521
-188.74844
85.02759
-340.28186
184.99527
-1.3224412
0.0
275.7802
-305.09955
43.3309
306.40527
-593.13354
-34.762074
41.38061
276.44278
14.463648
-1.7020886
-238.10944
-20.574791
-117.26418
-475.40497
-31.064325
-130.27313
-961.3762
-20.365393
-116.955505
-1424.0076
84.25818
110.45581
-477.03284
-51.234837
105.365036
-952.57666
-75.20759
94.4133
-1415.7155
49.96632
-184.99539
1.3050517
-5.6266785E-5
-345.74863
-141.06828
-237.25148
-206.76471
98.58046
-352.3686
184.99539
-1.3050517
5.6266785E-5
273.10532
-305.06238
48.663357
306.81686
-591.7849
-32.90694
35.960846
279.54245
16.167341
-1.6732094
-237.19193
-20.59457
-117.376236
-473.57944
-30.561565
-130.41449
-963.5963
-20.596125
-118.188156
-1428.1372
84.85131
110.68342
-475.18826
-51.81671
103.537254
-951.51746
-71.76074
93.760376
-1420.457
49.163742
-184.99675
1.0950238
-3.814697E-6
-384.66266
-147.45648
-201.16154
-284.16553
93.16403
-349.4926
184.99673
-1.094992
2.8610227E-6
264.7233
-307.0565
49.307808
296.88025
-596.2562
-23.695168
33.47932
279.19025
21.020378
-1.401991
-236.86821
-20.694931
-117.04229
-473.06024
-29.839764
-128.56828
-962.01807
-19.174902
-118.75247
-1427.6494
86.7102
111.43433
-474.41263
-52.93997
103.78656
-956.42255
-69.87972
93.516624
-1423.6458
49.048214
-184.9908
1.8442868
-2.1934616E-4
-373.61115
-77.45223
-246.03773
-366.33484
196.53839
-368.00574
184.99078
-1.8442572
2.1946536E-4
227.99896
-317.24167
32.784115
260.0877
-607.66626
-35.214924
21.332338
272.5448
19.659288
-2.45982
-246.74281
-22.959984
-120.151436
-492.33685
-47.66151
-131.98003
-984.14954
-42.635124
-117.31304
-1452.1598
60.722725
110.312164
-494.63443
-44.178417
104.05008
-983.6116
-40.91352
74.330635
-1454.3181
40.905407
-184.7169
10.230329
3.8146965E-5
-402.3005
-90.79246
-211.7824
-466.64215
179.13876
-325.7881
184.71692
-10.230357
-3.8146965E-5
225.3421
-327.32394
14.185548
247.09435
-614.8367
-68.65926
20.723652
248.20782
21.6984
-13.781967
-248.84512
-23.779573
-142.88754
-491.30316
-73.56247
-169.62558
-991.8501
-48.621346
-129.29933
-1466.9929
19.936161
87.759674
-504.0773
-21.555817
82.96983
-1002.8058
-31.748283
27.361002
-1472.9547
36.10296
-184.62454
11.78039
-5.9127808E-5
-422.90637
-77.719536
-193.93697
-553.5179
166.21292
-309.85757
184.62456
-11.78039
5.722046E-5
225.5113
-329.15726
-0.45043188
244.06215
-615.81885
-86.943146
28.650629
286.17767
50.38336
-15.902684
-249.23055
-25.754818
-147.24861
-491.09497
-79.62094
-167.89331
-984.5431
-65.88626
-149.75575
-1458.115
22.395912
83.637856
-505.8272
-23.398338
72.890495
-997.61237
-38.29762
25.338638
-1471.0481
25.264442
-184.20383
17.145021
-4.1961666E-5
-409.55276
-127.35641
-175.32024
-593.0746
74.43862
-300.21423
184.20383
-17.144964
4.1961666E-5
199.30612
-336.4789
-14.062123
214.72762
-622.82104
-102.21183
31.714027
253.87903
45.88186
-23.097433
-248.15662
-33.14657
-161.53589
-485.57776
-93.8923
-187.04808
-991.8348
-63.221058
-156.3386
-1467.4758
13.395374
69.146164
-507.04877
-38.69397
62.726593
-1013.119
-46.6647
13.003225
-1484.97
25.620396
-184.22711
16.892967
1.335144E-5
-427.6512
-103.41878
-169.32155
-648.31616
44.029663
-309.19983
184.22711
-16.892967
-1.335144E-5
225.80801
-333.97607
-11.372358
237.7366
-621.399
-96.494514
23.798706
239.17981
31.248907
-22.787058
-248.50562
-29.357464
-160.82245
-486.44336
-76.23946
-178.04189
-985.1775
-55.188164
-169.10408
-1459.4779
32.032646
69.67421
-507.5791
-41.19039
59.01272
-1007.6294
-40.925404
15.308374
-1482.2297
26.163403
-184.55284
12.854805
2.2888182E-5
-435.25595
-115.623856
-151.79327
-685.1903
-14.851967
-283.61847
184.55284
-12.854805
-2.2888182E-5
245.10951
-326.0069
-25.85904
245.494
-614.484
-108.20465
17.427292
259.7141
41.224476
-17.319233
-248.64938
-31.273325
-150.12935
-489.2544
-85.18947
-173.21687
-997.8336
-39.63993
-134.96576
-1472.4713
40.996937
80.85243
-505.34308
-39.90383
64.61697
-1017.89087
-22.119385
14.526377
-1491.2161
44.412148
-184.8095
8.392905
-2.0980833E-5
-424.25693
-146.32582
-145.35152
-692.3453
-93.22481
-269.08078
184.80954
-8.392905
1.5258788E-5
231.92747
-323.7412
-27.117931
236.8357
-610.11597
-116.36702
13.180859
242.62549
33.227634
-11.314763
-249.1492
-29.256962
-138.3089
-493.04498
-81.80972
-171.29132
-993.0672
-34.565395
-128.86484
-1469.1598
31.310364
93.0498
-503.55182
-35.218124
63.973965
-1004.53015
-30.023134
51.45829
-1486.6133
-13.372974
-184.76617
9.298222
1.3351442E-5
-420.35825
-159.33896
-135.85971
-692.43756
-117.27182
-255.03688
184.7662
-9.298193
-1.716614E-5
226.84016
-325.66437
-23.285738
236.61925
-610.60876
-116.61871
15.229408
237.89832
26.14946
-12.550321
-249.3899
-26.899862
-140.77692
-492.95847
-76.901886
-171.3218
-992.2711
-36.779327
-141.2414
-1469.1172
33.645412
90.5756
-504.60107
-30.697563
56.013336
-1005.358
-37.439976
52.888218
-1487.9656
-33.28455
-184.68404
10.807681
-3.433227E-5
-416.90485
-160.19098
-138.68286
-686.05505
-105.9026
-259.5586
184.68405
-10.80771
3.2424923E-5
229.1378
-326.38943
-28.845098
239.16316
-612.87024
-117.32229
17.516735
236.54105
35.36475
-14.554363
-248.70862
-32.239845
-144.73906
-490.6505
-85.571365
-172.3691
-989.3865
-41.092354
-142.35722
-1467.2727
22.752777
86.52158
-504.1839
-43.388023
54.92097
-1005.13635
-48.955036
54.12964
-1487.7767
-47.908104
-184.72675
10.051251
6.771087E-5
-416.83542
-154.31842
-146.65666
-672.224
-67.21074
-277.76324
184.72675
-10.05128
-6.771087E-5
229.4592
-325.73782
-27.221367
240.46953
-612.08545
-116.01224
15.451926
236.01587
34.84181
-13.535378
-248.75954
-32.03015
-142.72488
-491.22614
-82.649475
-173.11983
-989.25525
-33.616608
-133.54631
-1465.9147
34.683434
88.58335
-503.81198
-45.471127
60.154182
-1004.8627
-40.573067
59.953083
-1487.505
-40.30842
-184.73807
9.841001
1.525879E-5
-421.3792
-137.5484
-157.0902
-652.7954
-2.9515533
-292.4793
184.7381
-9.841001
-1.8119814E-5
226.89699
-325.8893
-27.13113
241.0122
-612.3806
-115.0146
15.756184
235.82669
35.645855
-13.253182
-248.79349
-31.878021
-142.17404
-491.42535
-81.778786
-168.21712
-990.1572
-36.45598
-144.76097
-1466.4412
39.426582
89.16129
-503.7486
-45.733295
56.059708
-1004.53564
-42.709652
56.009254
-1487.1781
-42.643215
-184.76454
9.3308
4.1961666E-5
-429.48444
-107.15465
-170.12735
-599.02203
100.665375
-304.544
184.76454
-9.3308
-4.1961666E-5
225.76262
-325.5741
-26.633581
237.86725
-611.48047
-116.694786
14.520601
236.08783
24.732525
-12.595523
-249.41187
-26.551178
-140.87704
-492.98148
-72.28935
-169.68295
-992.3959
-36.956795
-145.13548
-1467.6201
45.636757
90.494934
-504.66602
-33.91536
52.876358
-1005.20197
-39.44657
52.870094
-1487.8445
-39.438396
-184.71507
10.263649
-8.392334E-5
-430.55786
-88.383224
-179.52762
-538.0091
159.97363
-309.03864
184.71507
-10.263649
8.392334E-5
225.12773
-326.4336
-28.343832
232.84189
-608.77
-129.47067
15.3346195
237.08636
23.844837
-13.864046
-249.51263
-25.209278
-143.38179
-492.59903
-70.75184
-170.64165
-992.04785
-34.430023
-143.80438
-1469.1123
36.62271
87.92561
-505.45157
-30.08527
52.889538
-1006.1634
-39.67054
52.887985
-1488.8059
-39.668503
-184.65984
11.213716
-5.722046E-6
-420.36923
-66.37894
-202.04076
-475.78897
204.78424
-317.79562
184.65984
-11.213716
5.722046E-6
223.60309
-327.51263
-28.955187
229.90096
-610.1106
-129.44765
16.186474
235.91968
30.86905
-15.12026
-248.99081
-29.748722
-145.85898
-490.96054
-80.43035
-174.6534
-990.2656
-43.829376
-140.58923
-1466.049
34.114845
85.37793
-505.00272
-38.564537
52.544018
-1005.8756
-45.041943
52.543617
-1488.5181
-45.041496
-184.63904
11.551034
-2.288818E-5
-417.18478
-56.258762
-209.10365
-411.89972
222.6283
-319.53046
184.63902
-11.551034
2.4795529E-5
224.87369
-327.51898
-30.747791
228.92455
-612.79443
-123.49214
17.30568
237.30222
29.902224
-15.578381
-249.01521
-29.64425
-146.7622
-490.79816
-82.57491
-174.29294
-990.18823
-46.58837
-136.5191
-1465.1763
35.38932
84.448715
-505.2627
-36.00208
50.69187
-1006.0741
-43.476295
50.691757
-1488.7164
-43.476307
-184.1279
17.941965
3.0517576E-5
-393.9996
-83.8313
-219.08006
-324.35248
188.29163
-324.42905
184.1279
-17.941965
-3.0517576E-5
206.40889
-335.58063
-31.769032
205.99411
-622.0029
-120.99953
26.63143
238.57974
29.32846
-24.197004
-248.31998
-29.968447
-163.67824
-485.4063
-81.53651
-190.11325
-985.2167
-50.444954
-155.10898
-1461.185
26.456633
66.89021
-507.8736
-38.33728
36.950516
-1008.798
-55.161366
36.95049
-1491.4404
-55.16137
-183.78284
21.186657
-3.0517578E-5
-371.5447
-97.64442
-230.27083
-250.73012
158.15207
-330.13074
183.78282
-21.186657
3.2424923E-5
212.63757
-338.6043
-28.520529
211.4805
-626.45264
-113.03108
30.112469
236.79272
32.094395
-28.554
-247.69028
-32.20608
-172.13992
-482.11957
-81.836815
-184.58727
-983.3788
-67.60488
-163.36784
-1455.9866
28.673395
57.923927
-508.64154
-46.98751
41.697323
-1010.05145
-65.890305
41.697315
-1492.694
-65.890305
-183.5479
23.133898
3.0517578E-5
-349.84576
-118.25293
-233.9974
-185.27342
114.30385
-327.983
183.54788
-23.133898
-2.9563904E-5
209.87875
-341.25372
-22.50481
208.7974
-629.50635
-105.62665
32.203705
237.34738
25.984877
-31.234434
-247.81845
-27.820728
-177.38475
-481.1532
-70.95973
-179.69608
-982.85925
-74.3742
-165.91429
-1455.1344
24.823982
52.447025
-510.1206
-40.32318
44.869892
-1011.15625
-70.36133
44.869892
-1493.7987
-70.36133
-183.9968
19.24012
2.0980835E-5
-379.17535
-89.434456
-229.11824
-226.17546
148.18127
-329.76517
183.9968
-19.240063
-2.0980835E-5
243.02184
-333.00458
-21.63011
238.11327
-621.54736
-103.599365
31.543552
274.22363
47.26847
-25.9557
-248.21945
-29.820375
-166.60474
-484.44574
-83.27507
-169.56029
-965.07794
-79.01922
-152.28708
-1437.9092
17.534552
62.78193
-508.43213
-36.006435
57.032204
-1009.96954
-56.244423
57.032204
-1492.612
-56.244423
-184.44028
14.379795
-5.7220445E-6
-398.67838
-47.286694
-229.5633
-266.77783
202.59673
-330.3627
184.44029
-14.379795
3.814697E-6
227.77185
-330.48593
-24.480213
227.28523
-616.36633
-115.43178
25.460892
248.24402
39.88246
-19.40765
-248.93091
-27.974806
-154.13611
-488.87094
-80.46549
-157.16698
-983.6732
-43.927757
-133.42029
-1457.1129
49.397804
76.50548
-506.8527
-31.433731
71.38767
-1008.7614
-36.103455
71.38767
-1491.4039
-36.103455
-184.64786
11.409435
-3.051758E-5
-410.12326
-46.395596
-219.58919
-322.26776
221.65009
-321.73083
184.64784
-11.409464
3.051758E-5
229.8565
-327.19043
-25.269392
233.29112
-612.7471
-117.1695
17.754673
237.01862
30.312632
-15.398905
-249.21234
-27.82212
-146.35645
-491.28424
-81.50933
-167.4851
-988.59064
-36.54712
-137.76726
-1464.1536
42.575466
84.76086
-505.56506
-29.779148
60.87654
-1006.94354
-34.09666
60.87654
-1489.5859
-34.09666
-184.75911
9.437742
-5.7220454E-6
-419.30942
-45.41001
-210.66064
-390.8023
233.64267
-317.04184
184.7591
-9.437742
7.629394E-6
226.35982
-325.69275
-25.537159
232.97214
-610.0343
-120.96341
14.622014
236.77945
21.830181
-12.7522545
-249.64653
-24.464163
-141.17067
-493.38467
-75.9818
-167.19273
-991.72375
-33.233353
-135.3767
-1466.7444
50.030815
90.16167
-505.20145
-21.874851
59.236523
-1006.1947
-27.959133
59.236523
-1488.8372
-27.959133
-184.7755
9.111368
-7.629395E-6
-421.75858
-55.25577
-205.17278
-460.50116
220.92633
-315.728
184.77551
-9.11134
5.7220805E-6
226.1206
-325.36044
-26.020748
236.46062
-610.45325
-118.838806
13.138374
235.39468
25.492313
-12.302759
-249.49643
-26.28312
-140.29424
-493.2882
-78.51426
-169.87769
-991.886
-37.77205
-136.47331
-1468.5464
34.80748
91.08319
-504.6975
-26.618217
56.346413
-1005.37524
-42.39294
56.346413
-1488.0177
-42.39294
-184.80975
8.387325
3.814697E-6
-430.18915
-64.63653
-191.98045
-542.1322
190.33078
-303.6067
184.80977
-8.387297
-5.7220454E-6
231.56735
-323.9133
-25.634005
242.4008
-609.87366
-115.685646
13.168046
234.08069
27.973673
-11.319511
-249.41986
-27.294518
-138.35228
-493.58826
-79.954384
-170.05156
-991.35706
-33.195225
-132.99814
-1468.2122
35.526627
93.07423
-504.09122
-29.223684
58.283554
-1004.8305
-38.126614
58.283554
-1487.4729
-38.126614
-184.76494
9.322764
5.7220454E-6
-429.66272
-92.41292
-179.09467
-600.9168
124.19008
-296.37714
184.76495
-9.322736
-7.6293945E-6
234.48495
-324.1879
-28.068226
238.08458
-611.2868
-115.0237
15.093745
236.74683
19.95179
-12.600343
-249.72314
-23.138655
-140.8854
-493.60916
-68.85075
-177.12376
-991.7897
-28.219284
-135.62993
-1466.2957
54.038563
90.48403
-505.28345
-23.703865
52.285576
-1005.7721
-29.196342
52.285576
-1488.4146
-29.196342
-184.45775
14.153851
-2.8610233E-5
-416.07004
-133.08795
-164.54662
-634.10583
28.31691
-292.64362
184.45778
-14.153851
2.4795536E-5
223.2905
-328.84976
-43.110233
223.49057
-618.35876
-121.751785
25.27106
241.54083
27.801865
-19.110037
-249.04865
-26.05978
-153.70483
-489.2359
-72.655334
-186.72128
-989.2988
-55.78241
-151.33102
-1462.8059
34.66043
77.26468
-506.9587
-31.583786
42.17148
-1007.15924
-60.261623
42.17148
-1489.8018
-60.261623
-184.24371
16.711128
-9.536742E-6
-397.3048
-158.88773
-161.7715
-646.5741
-59.032837
-295.53918
184.2437
-16.711128
1.0490417E-5
226.655
-331.06818
-42.200928
223.5014
-621.9917
-115.36901
25.942272
240.5965
26.171276
-22.561514
-248.74559
-25.604164
-160.43533
-487.03223
-65.74985
-184.66254
-987.9857
-52.487556
-169.04333
-1460.4658
44.08759
70.18927
-507.95016
-36.66681
39.813736
-1008.7393
-55.849846
39.813736
-1491.3818
-55.849846
-183.7706
21.292654
-5.2452364E-5
-391.00266
-164.13235
-158.34285
-654.5442
-107.74428
-290.1239
183.77058
-21.292624
5.340604E-5
224.24483
-335.82025
-42.827625
222.40395
-626.3302
-117.664764
31.137142
238.79272
34.00664
-28.698921
-247.69221
-30.356522
-172.42267
-482.05707
-71.97971
-182.40285
-983.61
-64.44406
-179.49994
-1455.4146
36.161118
57.62696
-508.71182
-49.446365
40.705517
-1009.9531
-71.56616
40.705517
-1492.5956
-71.56616
-183.8264
20.80506
5.817441E-5
-384.43118
-174.37961
-155.11496
-651.4282
-129.94043
-284.48932
183.82642
-20.80506
-5.8651247E-5
220.6986
-335.7211
-43.224133
220.12212
-625.6801
-120.18793
30.7359
238.34204
35.54696
-28.032282
-247.6836
-31.213652
-171.15044
-482.342
-71.845085
-180.20056
-984.0892
-64.70299
-178.3626
-1456.3148
34.567093
59.02131
-508.39233
-53.009514
44.352463
-1009.8044
-72.11651
44.352463
-1492.4468
-72.11651
-184.06189
18.607006
2.145767E-5
-379.4946
-180.63062
-156.55801
-641.90356
-120.305214
-288.8546
184.06189
-18.607006
-2.145767E-5
204.14854
-335.32907
-41.03282
209.20427
-624.2506
-121.64778
28.46633
239.21054
39.226997
-25.043457
-247.73154
-32.553665
-165.32892
-483.8131
-72.871994
-175.13615
-985.59875
-67.75942
-172.36537
-1458.9663
26.143524
65.155075
-507.11304
-57.342663
50.077793
-1008.1865
-83.79514
50.077793
-1490.829
-83.79514
-184.31837
15.866253
8.583068E-5
-387.49823
-178.76195
-152.43953
-635.2143
-80.9032
-290.49905
184.31836
-15.866253
-8.583068E-5
203.13565
-332.40985
-42.96615
201.86124
-622.4404
-119.65166
23.486727
240.83112
23.531584
-21.431763
-248.97403
-24.107868
-158.25467
-488.01514
-58.278767
-175.86967
-989.5722
-57.11513
-178.21701
-1462.1602
39.98622
72.527626
-507.88098
-38.152702
43.133915
-1008.4646
-63.079224
43.133915
-1491.1069
-63.079224
-184.39543
14.944207
3.6239628E-5
-393.16577
-173.38292
-152.79987
-609.75104
-23.142502
-296.04315
184.39543
-14.94415
-3.6239628E-5
205.03073
-330.84232
-46.717518
203.03517
-620.3944
-125.17531
22.15913
241.1983
16.754543
-20.216822
-249.45569
-20.099604
-155.88348
-489.5549
-50.98124
-179.67186
-990.80493
-60.405987
-177.03973
-1462.799
39.83369
75.016174
-508.26788
-29.417177
40.194893
-1007.7552
-67.896866
40.194893
-1490.3977
-67.896866
-184.59111
12.293249
1.2874605E-4
-394.19916
-167.28366
-161.9152
-591.63153
8.71463
-303.4958
184.59113
-12.293278
-1.2922288E-4
206.74022
-328.45554
-44.16835
204.95412
-617.87573
-123.116356
18.23486
242.11658
11.100426
-16.642202
-249.89494
-16.630856
-148.85945
-492.09296
-43.113556
-172.11086
-993.41046
-52.191387
-173.39056
-1466.0448
44.821075
82.29063
-507.48682
-23.409866
46.25782
-1006.8157
-62.740154
46.25782
-1489.4581
-62.740154
-184.7689
9.2441435
3.051758E-5
-386.01904
-154.87692
-186.98305
-468.7352
104.76434
-312.45996
184.76889
-9.2441435
-2.9564042E-5
187.68446
-325.81323
-46.64236
191.08824
-613.6767
-131.04047
14.001099
242.9527
8.685709
-12.519579
-250.23795
-15.339087
-140.7145
-494.68854
-40.6887
-181.55971
-994.43976
-65.57939
-166.97499
-1467.1582
31.117535
90.636154
-506.2632
-20.667646
49.735634
-1004.5953
-65.9755
32.48385
-1483.4111
-28.441103
-184.64426
11.467298
4.243851E-5
-380.05872
-137.7644
-204.80005
-402.37988
139.20935
-317.881
184.64426
-11.467268
-4.243851E-5
199.0483
-328.51202
-40.928516
209.78519
-614.7197
-130.20271
17.236921
242.28058
9.467977
-15.531783
-250.09053
-15.142996
-146.66956
-493.0014
-39.548008
-187.04033
-992.6545
-67.964806
-172.9143
-1465.337
29.044273
84.542435
-507.36078
-21.023977
52.2584
-1006.81274
-60.353786
18.048605
-1483.268
-0.015993595
-184.38974
15.014044
-1.7380713E-4
-360.74948
-131.11217
-223.48257
-315.664
147.49208
-325.20264
184.38974
-15.014073
1.7380713E-4
193.70967
-332.9864
-34.737926
204.40697
-616.6638
-131.75697
22.252634
241.24762
11.974717
-20.317148
-249.5181
-17.674868
-156.07202
-489.6366
-38.846775
-189.06064
-989.9932
-61.544468
-179.79834
-1464.2612
26.90065
74.80345
-508.4358
-31.852697
54.29678
-1008.4477
-70.45048
10.625765
-1481.5746
10.74498
-184.19868
17.200064
4.9114227E-5
-351.3597
-133.56215
-227.43776
-250.79845
133.144
-321.00735
184.19868
-17.200064
-4.9114227E-5
198.69054
-335.14313
-33.199245
210.15005
-621.79865
-120.93352
24.972847
240.78162
9.743801
-23.28334
-249.34573
-16.884209
-161.88266
-487.92352
-37.119812
-175.22495
-988.95325
-61.289787
-173.41083
-1461.8491
34.65515
68.7493
-509.4594
-30.417027
65.42632
-1010.5529
-56.575214
19.426405
-1485.1423
15.073089
-183.8913
20.223421
-3.185272E-4
-344.61075
-132.86015
-230.50995
-205.61719
117.888535
-318.8609
183.8913
-20.223478
3.185272E-4
205.17316
-338.03845
-30.671522
217.08975
-626.1105
-113.572
28.788511
238.82697
12.471333
-27.361404
-248.7967
-18.6593
-169.8526
-484.932
-40.028633
-179.11494
-986.2428
-61.98663
-171.04735
-1458.9985
34.774273
60.406975
-510.25482
-34.60857
63.585136
-1011.0944
-66.60771
18.473398
-1483.5989
18.80195
-183.72514
21.681091
-1.2397765E-5
-335.34793
-136.63971
-233.12025
-172.65543
100.763855
-317.80017
183.72514
-21.681091
1.2397765E-5
198.42351
-339.95386
-29.772615
211.39008
-627.7582
-113.4419
30.05074
238.71375
12.840851
-29.32536
-248.50235
-19.743494
-173.67767
-483.43054
-41.83644
-173.5114
-984.9337
-61.62559
-167.77089
-1458.7003
29.936298
56.376217
-510.57886
-37.137535
68.84877
-1011.629
-62.840088
21.73633
-1485.339
15.189877
-183.94882
19.693466
0.0011892393
-322.21555
-148.5032
-234.50299
-160.26326
89.45865
-319.03467
183.9488
-19.693409
-0.0011892244
207.71703
-337.81662
-25.15494
221.03499
-625.5021
-109.177086
27.966076
239.66498
7.132451
-26.657007
-248.9918
-16.559465
-168.48201
-485.6538
-33.24406
-163.3009
-986.488
-64.67676
-164.54277
-1458.3003
36.63159
61.85399
-510.31345
-32.993805
75.35348
-1011.2904
-60.733006
29.586254
-1485.3494
17.138456
-183.40102
24.270689
-1.1062622E-4
-341.0101
-132.12584
-230.43338
-202.12804
115.87714
-326.3828
183.40102
-24.270632
1.1062622E-4
196.96353
-342.39066
-31.87012
205.30081
-628.84827
-120.597466
28.585844
251.10999
9.069848
-32.768753
-247.61674
-22.056313
-181.07085
-479.9442
-47.55324
-163.31458
-981.4877
-58.639988
-155.52141
-1452.8694
44.651703
49.995834
-510.5228
-40.672005
74.437965
-1015.7876
-43.449745
30.987762
-1491.63
22.845922
-183.5922
22.779493
1.1181831E-4
-346.19263
-131.97562
-228.06117
-246.45685
132.18668
-329.40738
183.59218
-22.779465
-1.11579895E-4
194.84448
-341.33322
-28.22903
210.21135
-627.8076
-115.95744
31.061537
243.27649
6.9277434
-30.823395
-248.42229
-17.866974
-176.76562
-482.56104
-40.552433
-171.70787
-984.0619
-58.503014
-166.59895
-1457.3629
35.591927
53.47202
-511.1281
-30.915455
67.41897
-1013.4352
-47.5798
22.088652
-1488.7291
20.882904
-184.19211
17.270397
-4.2438503E-5
-350.42767
-131.16386
-229.63676
-312.62036
145.162
-340.15652
184.19211
-17.270426
4.2438503E-5
193.81891
-335.6664
-30.517622
205.15178
-622.6426
-117.213875
25.79114
242.26514
7.5938816
-23.370363
-249.24936
-17.083866
-162.10945
-487.6814
-39.488647
-157.01332
-988.86914
-65.276634
-157.5236
-1462.3086
28.009611
68.62802
-509.31604
-28.846825
78.8189
-1010.6015
-55.32204
40.592197
-1486.0532
16.160992
-184.38565
15.064268
8.583069E-6
-372.82196
-133.73521
-211.54303
-388.40506
141.93275
-328.86453
184.38565
-15.064268
-8.583069E-6
200.01411
-331.66275
-43.830986
200.381
-621.15814
-122.52202
23.312162
243.31433
12.776802
-20.384476
-249.50497
-19.181992
-156.18387
-489.58057
-51.027298
-174.06863
-990.62427
-71.26285
-172.67682
-1463.4945
24.710001
74.64598
-508.43933
-25.700663
59.245056
-1009.4353
-50.240982
19.651194
-1484.971
17.20928
-184.39206
14.985841
6.866456E-5
-384.4965
-133.32654
-200.90196
-465.52155
126.81589
-326.44418
184.39204
-14.985841
-6.7710884E-5
207.36502
-331.00473
-44.76953
204.69858
-620.3933
-123.808464
22.8167
243.19232
10.459599
-20.292469
-249.68854
-17.075674
-156.01852
-489.99567
-46.91749
-178.62318
-991.00006
-68.133125
-180.31152
-1463.1401
31.069553
74.848656
-508.75848
-21.385208
52.491467
-1009.5434
-48.19325
16.760689
-1486.4868
11.915933
-184.24965
16.64518
3.71933E-5
-394.30853
-132.87909
-189.51982
-533.1659
94.65845
-327.16174
184.24968
-16.645123
-3.8146973E-5
208.72977
-332.4892
-45.20216
205.13106
-621.1643
-126.7726
25.2944
241.99847
12.688993
-22.532413
-249.4177
-18.259613
-160.42274
-488.41394
-47.67372
-184.24246
-989.40955
-69.03869
-183.62912
-1461.8479
29.215803
70.29306
-509.25684
-25.364737
49.013096
-1009.95795
-55.11443
9.86494
-1486.3347
7.529589
-183.86075
20.499447
9.059906E-6
-388.3151
-143.5714
-183.51881
-570.4018
44.796677
-329.67596
183.86075
-20.499447
-9.059906E-6
207.12216
-336.2783
-46.28859
206.00969
-624.192
-130.57663
30.81797
239.59161
27.223969
-27.661367
-248.09659
-26.658533
-170.42157
-483.3603
-60.014397
-188.69528
-984.82776
-66.5023
-181.47676
-1458.4436
26.163706
59.77609
-509.02606
-46.61974
48.298523
-1010.4429
-61.687637
3.6759064
-1487.188
-4.481362
-183.76543
21.336988
2.717985E-5
-388.67935
-155.87236
-170.31474
-603.0906
-13.174713
-324.14978
183.76543
-21.336988
-2.717985E-5
210.18655
-337.45438
-42.09208
205.8186
-625.3198
-126.43896
31.083
239.36633
21.009127
-28.822598
-248.23566
-24.177013
-172.69464
-483.1129
-54.04656
-182.82399
-984.8894
-54.627075
-178.09798
-1458.2358
39.55843
57.404266
-509.82968
-42.6615
55.689434
-1011.6284
-49.00187
3.7609978
-1486.4916
16.716972
-184.06783
18.54824
2.2649767E-5
-384.23386
-166.96243
-167.09077
-628.3348
-80.02436
-318.27448
184.06783
-18.54824
-2.2649767E-5
212.24123
-334.84167
-39.556786
211.66151
-622.2219
-125.651306
27.641924
239.64212
23.61445
-25.042828
-248.5185
-24.675098
-165.32965
-485.424
-51.15087
-175.39967
-987.2566
-52.722572
-175.18802
-1460.6775
41.05492
65.15834
-508.64996
-47.549526
62.77275
-1010.54736
-52.862846
6.7642064
-1486.2554
5.1422243
-184.15657
17.64537
6.691217E-4
-379.73444
-177.52483
-161.42387
-628.9825
-98.66275
-308.58426
184.15657
-17.645428
-6.691217E-4
211.98477
-334.0398
-38.99018
214.78221
-621.4551
-124.92396
26.799713
241.93317
16.005608
-23.8582
-248.9963
-20.536234
-163.01697
-486.94482
-42.701756
-177.1367
-988.6756
-43.13819
-173.41519
-1461.9089
51.4904
67.58415
-509.0404
-39.443184
60.884
-1010.8627
-46.9951
10.002584
-1486.1504
18.263668
-184.18521
17.343712
-1.9311903E-5
-378.59256
-175.87071
-165.14835
-615.8895
-74.938576
-318.4549
184.18521
-17.343712
1.9311903E-5
214.54976
-332.97794
-43.047268
220.0677
-620.6471
-127.99423
26.25997
240.23572
26.80313
-23.396036
-248.45935
-26.307745
-162.1127
-486.0596
-53.897125
-181.09406
-987.5187
-64.33073
-178.08464
-1460.2502
32.877293
68.52856
-507.77783
-51.333862
52.589157
-1009.27014
-62.901386
9.826031
-1485.348
2.9150627
-184.0564
18.661295
-4.1294098E-4
-380.67368
-171.92928
-165.58081
-597.7903
-35.404526
-321.213
184.05638
-18.661295
4.131794E-4
207.48462
-334.79007
-43.74554
212.32532
-622.61786
-128.19513
28.942274
242.31891
19.937077
-25.206303
-248.61047
-22.915329
-165.6529
-485.53687
-49.263237
-183.68645
-987.12537
-51.4919
-183.58086
-1458.8555
50.42301
64.827675
-508.90503
-42.39808
49.409492
-1010.5635
-46.00772
5.400685
-1485.3794
26.92942
-184.26399
16.485653
-1.6236305E-4
-374.40598
-173.50566
-173.63577
-558.42786
4.2371063
-330.29932
184.264
-16.485596
1.6212463E-4
203.96797
-332.82916
-44.028244
206.07068
-620.08923
-130.49927
25.838543
243.07281
13.785309
-22.299015
-249.24232
-19.018091
-159.96268
-488.16327
-41.65624
-177.88736
-989.36755
-60.062916
-180.85294
-1459.8345
47.297638
70.76661
-508.80603
-34.416122
56.81247
-1010.32446
-48.194065
6.6091814
-1486.3936
10.613751
-184.4423
14.353973
2.0146367E-4
-378.02435
-154.08398
-191.19246
-515.4934
67.19357
-339.9826
184.4423
-14.354002
-2.0146367E-4
218.03015
-329.52145
-44.060867
218.86208
-617.75055
-127.26715
21.9407
240.75665
17.878164
-19.401102
-249.29568
-21.394417
-154.28072
-489.60437
-45.166786
-171.00226
-990.70184
-68.56747
-179.97444
-1461.9316
34.909363
76.676285
-507.5783
-40.41088
59.623238
-1008.6597
-61.69104
15.671697
-1484.7773
-0.2731169
-184.3202
15.844877
-2.6273725E-4
-373.75604
-140.23601
-205.3118
-458.11047
110.987595
-345.92133
184.32022
-15.844877
2.6249883E-4
215.3719
-330.9297
-46.447002
213.63768
-619.37463
-128.88805
24.261965
241.50598
22.975834
-21.381624
-248.72946
-25.065954
-158.16548
-487.53854
-52.832893
-175.821
-988.98627
-56.24737
-184.27644
-1460.1763
47.634007
72.63898
-507.3793
-47.43092
55.82563
-1008.895
-51.600525
11.441122
-1483.6589
19.9831
-184.29051
16.186714
-1.385212E-4
-372.83853
-119.85444
-219.86932
-401.82153
150.19507
-347.27905
184.2905
-16.186743
1.3875961E-4
206.269
-332.64597
-42.077225
213.83212
-619.56055
-129.38594
24.984919
240.75452
16.02481
-21.878683
-249.09561
-21.717081
-159.13885
-488.05695
-47.338814
-173.85168
-989.6063
-57.914448
-170.21526
-1462.3097
38.978283
71.62413
-508.32547
-39.529514
61.54685
-1009.93445
-52.4812
17.57324
-1484.133
23.67825
-184.34206
15.58866
-1.5258788E-5
-369.97675
-112.960495
-226.74852
-349.91315
164.40004
-339.30328
184.34206
-15.588631
1.5258788E-5
191.2801
-332.806
-41.533165
196.41617
-618.92896
-131.57355
23.434301
240.67163
15.325402
-21.081617
-249.3001
-21.086363
-157.57085
-488.84094
-50.63228
-177.10889
-990.3096
-57.761887
-173.42438
-1462.9415
39.79078
73.244385
-508.35947
-33.713165
57.33527
-1009.851
-47.01593
18.631456
-1485.2588
23.098146
-184.453
14.21585
-8.583069E-6
-352.6056
-124.01362
-234.55775
-278.26288
149.31589
-333.37146
184.453
-14.21585
8.583069E-6
195.27216
-331.94
-36.528233
205.28267
-617.78925
-127.026825
22.3149
240.5039
11.631809
-19.23545
-249.5836
-19.205334
-153.95277
-490.26697
-46.361565
-177.94466
-991.2461
-65.451546
-172.69498
-1463.1592
35.579525
77.01096
-508.06744
-30.45977
62.526505
-1009.04395
-56.303673
19.587494
-1483.5311
16.352459
-184.24866
16.656345
6.198884E-6
-345.4856
-121.914665
-239.16675
-222.9531
136.40295
-330.0391
184.24866
-16.656374
-6.198884E-6
199.29025
-334.46103
-34.262917
212.70699
-620.0651
-125.09404
24.423046
239.23999
13.253621
-22.531755
-249.24121
-20.384495
-160.41814
-488.05417
-49.05698
-177.62776
-989.09625
-72.43549
-170.6764
-1459.8628
33.305122
70.29114
-508.91064
-32.480995
62.268982
-1010.0584
-58.641644
16.21474
-1483.9424
16.506163
-184.08221
18.404875
1.18255615E-4
-342.80267
-119.89466
-241.00003
-181.67946
118.50971
-325.8685
184.08221
-18.404875
3.4332275E-4
201.73326
-336.4012
-31.092598
214.41046
-621.772
-122.75944
25.92203
238.9896
14.216775
-24.887976
-248.92514
-21.514744
-165.03018
-486.32697
-50.165577
-180.28423
-987.59143
-71.4403
-173.15459
-1457.8494
36.847496
65.478294
-509.3736
-35.893394
59.006676
-1010.7213
-59.400906
19.265026
-1484.6848
19.717112
-184.19814
17.206102
-1.039505E-4
-331.75995
-119.76147
-248.72769
-153.80963
107.42756
-330.6962
184.19812
-17.206045
1.0418892E-4
199.67125
-334.93442
-34.77425
212.53949
-620.699
-125.17897
23.58733
236.56934
30.579025
-23.16074
-247.94562
-30.649515
-161.6509
-485.11823
-65.53599
-170.7698
-986.7946
-76.66137
-167.02687
-1458.4198
25.507288
69.007965
-506.66425
-57.062073
66.562965
-1008.392
-70.12726
24.870794
-1483.3344
3.148743
-183.6819
22.044315
1.2397764E-5
-347.15695
-115.398026
-238.29707
-195.3103
126.73627
-329.47592
183.68192
-22.044315
-1.3351438E-5
177.97722
-339.03732
-43.39213
184.53542
-621.68964
-143.71495
24.12357
243.4437
19.132145
-29.759241
-247.96611
-25.393951
-174.80594
-482.0962
-63.32007
-177.0006
-984.3495
-57.65453
-169.93964
-1456.9908
39.745243
55.76895
-509.76825
-38.255737
64.242615
-1013.7401
-38.028843
15.200371
-1487.3195
34.819515
-184.02803
18.939093
-5.340604E-5
-354.69733
-109.2811
-238.39377
-243.81973
151.13873
-337.8304
184.02805
-18.939064
5.2452364E-5
181.27798
-336.2089
-41.620735
192.22916
-620.16187
-137.80173
25.659508
240.21149
19.744743
-25.583914
-248.5953
-24.874954
-166.4538
-485.32608
-62.686913
-178.29979
-987.135
-64.57345
-171.63414
-1458.9481
36.831944
64.118126
-509.05518
-36.812904
60.486134
-1011.28125
-46.375565
18.875677
-1485.8748
25.44768
-184.22147
16.95431
2.4795665E-5
-367.6983
-105.13784
-232.01239
-314.719
169.0163
-341.70612
184.22148
-16.95431
-2.574934E-5
195.33754
-332.9571
-49.180447
198.08374
-619.5586
-137.79205
24.830729
240.93558
21.807339
-22.908613
-248.9198
-24.871243
-161.17316
-487.22314
-64.66278
-180.00504
-988.76807
-69.18612
-175.54182
-1460.2632
33.439148
69.53871
-508.45605
-34.82219
57.479847
-1010.14856
-47.830917
16.294031
-1485.216
19.791513
-184.30258
16.048615
-9.5367426E-7
-370.12454
-103.821
-231.3039
-381.5415
172.15977
-348.36914
184.30258
-16.048615
9.5367426E-7
203.67142
-331.00363
-53.180717
198.62964
-619.93604
-133.75757
23.79276
241.01962
25.65522
-21.663994
-248.79001
-27.11242
-158.72649
-487.5314
-67.30737
-180.67314
-988.9795
-69.9437
-177.46664
-1460.9064
30.802584
72.07052
-507.62863
-41.142303
54.37587
-1009.2031
-49.845253
15.702353
-1484.4354
18.856588
-184.16904
17.514719
9.727478E-5
-374.3893
-115.61617
-220.20981
-476.35724
134.09274
-351.54144
184.16904
-17.514748
-9.727478E-5
203.57736
-332.06775
-55.49543
197.82874
-620.1987
-138.84717
23.483519
245.27795
34.853504
-23.601316
-248.17029
-30.83802
-162.47835
-485.3777
-72.17679
-182.66777
-986.55554
-58.898315
-174.97112
-1459.2406
38.29286
68.073105
-507.30344
-51.175293
58.325977
-1008.9893
-45.62915
9.827308
-1483.2186
24.657892
-184.25865
16.545341
-1.23978325E-5
-377.95178
-131.92435
-206.97766
-533.1553
81.90784
-349.06097
184.25865
-16.545284
1.23978325E-5
205.95103
-330.9256
-55.628124
205.42473
-619.07495
-139.11264
24.668024
241.6659
28.78781
-22.313562
-248.49774
-28.988834
-159.98557
-486.63702
-68.35776
-182.03818
-987.966
-61.25776
-174.50955
-1460.173
38.42812
70.7313
-507.354
-47.597576
56.234226
-1009.02814
-50.632534
11.28765
-1483.6138
20.313616
-184.35976
15.377807
-2.7656688E-5
-377.19028
-145.79735
-198.08833
-578.4531
19.322495
-347.1812
184.35976
-15.377807
2.7656688E-5
212.0359
-328.95172
-57.49292
211.827
-617.6825
-138.94534
22.390451
239.71936
34.414093
-20.705599
-248.23471
-31.71613
-156.839
-486.84143
-72.11159
-177.82681
-988.28284
-67.060684
-175.11996
-1458.4987
41.073193
74.01661
-506.0974
-54.75293
59.262768
-1007.6806
-50.70492
12.646228
-1482.9062
15.246922
-184.42262
14.604598
5.5313376E-5
-381.41208
-160.60663
-181.373
-611.65594
-47.22056
-336.71576
184.4226
-14.604569
-5.483654E-5
212.05005
-328.57715
-55.29914
212.88318
-617.7304
-135.23479
21.77157
240.25842
19.547926
-19.72605
-249.09665
-23.534018
-154.92128
-489.04926
-56.506397
-176.9233
-990.44617
-50.553276
-175.10474
-1462.2494
50.656673
76.01708
-507.33737
-37.629673
59.002872
-1008.93286
-36.266445
16.024405
-1484.6681
28.093763
-184.43233
14.481396
-7.1525574E-6
-371.83115
-178.32547
-173.51424
-621.2656
-111.50627
-326.2154
184.43234
-14.481396
6.67572E-6
212.56702
-328.59763
-54.21639
215.50583
-617.145
-136.2637
22.188318
240.815
24.523907
-19.546316
-248.93866
-25.967321
-154.56685
-488.81042
-59.133293
-180.32726
-990.0309
-63.65425
-175.48938
-1460.302
44.639427
76.38158
-506.9442
-44.736
56.7065
-1008.28796
-56.69486
14.166425
-1483.5022
12.979825
-184.30298
16.04417
3.71933E-5
-369.94208
-185.22568
-165.61568
-630.13354
-146.67621
-309.8874
184.30298
-16.04417
-3.71933E-5
211.06573
-329.7322
-57.302315
213.42783
-617.80347
-141.02435
26.363054
242.17084
32.008167
-21.617516
-248.32568
-30.161596
-158.62775
-486.60608
-67.9972
-181.7129
-987.99384
-70.08867
-180.07353
-1459.1699
34.20774
72.15768
-506.69666
-52.64919
53.063614
-1008.22534
-56.103603
12.814658
-1484.4417
8.098145
-184.01016
19.111603
-3.5762953E-6
-362.55115
-190.17368
-163.47105
-619.0729
-149.92865
-313.7273
184.01018
-19.111603
3.0994581E-6
204.37143
-333.47858
-56.203434
206.1528
-621.6323
-139.65552
29.240438
240.99594
32.712227
-25.73043
-247.73782
-31.492847
-166.65991
-483.5109
-67.26336
-184.9939
-985.0819
-69.2478
-185.7469
-1456.2953
34.957706
63.738174
-507.4404
-58.70803
49.92792
-1009.1522
-55.928753
3.5393221
-1486.026
0.05548774
-184.1813
17.385359
-9.465273E-5
-365.61856
-186.72092
-166.79688
-614.0902
-120.77475
-321.43494
184.1813
-17.385387
9.465273E-5
212.27759
-332.1189
-50.531086
215.72023
-619.97205
-134.96292
25.796434
241.3833
18.95324
-23.4743
-248.68811
-24.29232
-162.26024
-486.49164
-51.13266
-177.01517
-988.09766
-58.462593
-177.60597
-1459.0677
46.816772
68.36305
-508.2608
-46.03662
57.500027
-1009.99927
-50.671932
16.635557
-1486.2759
14.390923
-184.37271
15.221769
-1.4007092E-4
-365.785
-185.86946
-170.44633
-594.21045
-71.31387
-327.60498
184.37271
-15.221741
1.4007092E-4
212.05888
-330.0503
-50.164116
217.8182
-617.15784
-136.9747
23.076855
241.70471
15.041983
-20.571964
-249.17767
-21.869963
-156.5794
-488.82504
-46.023296
-172.43686
-990.4274
-54.740154
-171.1139
-1461.5206
50.151833
74.29154
-507.88568
-41.45655
63.066925
-1009.6275
-48.82993
18.649979
-1485.4751
16.511406
-184.48766
13.758906
-1.3422966E-4
-376.23328
-169.66814
-178.8524
-575.28125
-4.018448
-330.31226
184.48764
-13.758906
1.3446808E-4
212.36139
-328.01038
-53.56361
215.59184
-615.16864
-140.33745
21.373676
241.58655
13.2273445
-18.60047
-249.40726
-21.432428
-152.71005
-490.19995
-46.88282
-173.88489
-991.40015
-63.718346
-169.6793
-1462.8274
39.527943
78.30817
-507.42908
-38.846893
63.038185
-1008.86365
-54.670677
20.03716
-1484.3118
14.340051
-184.63037
11.688745
1.2493134E-4
-379.7684
-142.44049
-201.40825
-532.2899
69.6922
-348.84268
184.63037
-11.688745
-1.2493134E-4
224.1818
-324.46613
-54.827087
226.94911
-611.55194
-141.85625
14.1090555
265.52603
15.015953
-15.765608
-249.02728
-26.561571
-146.77383
-490.75867
-54.729534
-170.11339
-978.73755
-69.19048
-166.80022
-1450.1489
34.255978
83.71141
-505.35046
-51.516747
68.17611
-990.0564
-66.74209
25.54991
-1465.9154
0.6643731
-184.67134
11.022276
-1.7881392E-4
-372.14523
-140.99605
-210.10486
-473.57404
108.399704
-342.44513
184.67133
-11.022276
1.7929076E-4
205.42351
-324.71616
-59.71191
206.2519
-612.1697
-145.55927
16.821796
250.29932
14.982998
-14.888442
-249.44806
-22.856712
-145.26947
-492.00284
-51.2801
-161.04582
-991.29535
-60.168724
-152.41986
-1462.0708
45.371185
85.7157
-505.7894
-40.146748
79.31734
-1003.9399
-51.16899
39.51669
-1478.3916
25.490065
-184.75807
9.457679
3.490448E-4
-355.60852
-114.38394
-240.56853
-388.6604
158.93701
-359.74582
184.75809
-9.457679
-3.4880638E-4
224.69566
-322.61285
-52.334133
233.7513
-611.0115
-134.45738
9.925003
247.32086
6.747587
-12.702079
-248.13876
-33.160477
-140.02548
-490.41013
-62.351444
-169.59032
-983.7643
-74.236374
-171.02005
-1456.1914
24.09277
89.217155
-502.14493
-70.29046
70.04826
-988.06165
-79.60791
29.181013
-1463.2476
-4.489719
-184.36235
15.346949
-9.791254E-4
-363.4585
-94.18499
-241.51147
-339.17343
187.7279
-341.18768
184.36234
-15.346978
9.79185E-4
216.89426
-329.79984
-49.60816
223.1395
-616.14185
-138.87892
19.937023
240.0163
10.128941
-20.715096
-248.85185
-23.675848
-156.54988
-488.12073
-48.43356
-177.09613
-987.61993
-50.044403
-167.2966
-1459.3513
50.859367
73.68952
-507.28662
-46.26983
64.57071
-1004.91583
-43.41456
17.048227
-1479.2933
30.705757
-184.66698
11.095498
-8.726119E-5
-370.06366
-81.23544
-243.93254
-258.8344
182.0513
-335.08145
184.66699
-11.095498
8.6784356E-5
222.16629
-324.74304
-51.176167
226.69083
-610.1207
-143.58339
15.607951
239.17712
20.010422
-14.97678
-249.26564
-25.759338
-145.51083
-491.58813
-59.754253
-172.23457
-992.35046
-52.444744
-154.09064
-1463.5955
50.532875
85.6037
-505.47437
-43.283104
72.16766
-1006.6712
-45.214314
21.913683
-1478.9761
36.14908
-184.88719
6.459503
1.3017653E-4
-357.2951
-79.84455
-255.39584
-206.91289
165.27365
-340.84906
184.8872
-6.459503
-1.3065337E-4
232.51192
-319.17245
-48.399433
237.43799
-604.65344
-140.46661
8.321002
235.82721
26.961096
-8.700055
-249.02005
-29.716358
-133.14218
-493.9964
-66.03163
-164.7661
-994.5609
-52.525208
-148.63626
-1468.8647
34.563503
98.34194
-502.0838
-52.833805
80.6339
-1003.56586
-54.448994
33.16724
-1478.7296
12.012098
-184.83409
7.8333282
-1.1491831E-4
-356.42117
-72.069305
-258.01843
-189.32614
161.4014
-345.02814
184.83408
-7.8333282
1.15395145E-4
235.37675
-319.75818
-50.480625
239.36461
-605.4043
-142.07957
10.680386
234.29425
36.194527
-10.526989
-248.39616
-34.54836
-136.7644
-491.8885
-76.82185
-175.04932
-991.37756
-49.909782
-146.885
-1464.1997
42.99489
94.656456
-501.69617
-61.37157
72.779854
-1002.80927
-47.934032
19.376215
-1476.1235
25.386066
-184.80896
8.405205
7.2956085E-5
-360.6602
-67.31954
-256.40216
-199.348
170.06381
-343.73785
184.80894
-8.405176
-7.247925E-5
230.05339
-320.88077
-52.07631
232.37585
-609.61584
-133.4807
11.806408
233.42908
33.61751
-11.307656
-248.62726
-33.03201
-138.3231
-491.9921
-75.70613
-174.33783
-991.1132
-40.66486
-147.27509
-1465.311
46.31325
93.09247
-502.51697
-56.42191
71.67371
-1003.47186
-36.348324
22.408777
-1477.1292
37.526802
-184.73149
9.963755
8.2015984E-5
-370.32727
-60.21566
-251.05582
-241.96805
193.88492
-345.69617
184.73148
-9.963783
-8.106231E-5
233.66772
-321.84354
-52.309616
232.94688
-610.6527
-133.48074
14.051091
234.13568
35.03048
-13.403856
-248.51239
-33.62839
-142.46774
-490.7865
-80.28862
-179.61249
-990.0181
-48.651585
-148.14671
-1462.8818
44.924408
88.85232
-503.2631
-54.22495
68.00999
-1004.241
-33.978973
15.598501
-1478.9905
28.637842
0.0
0.0
0.0
1.0200003
1.0200003
1.0200003
0.0
0.0
0.0
1.02
1.02
1.02
0.0
0.0
0.0
0.49999997
0.49999997
0.49999997
1.0199999
1.0199999
1.0199999
0.0
0.0
0.0
0.0
0.0
0.0
0.0
0.0
0.0
0.0
0.0
0.0
0.0
0.0
0.0
0.0
0.0
0.0
0.0
0.0
0.0
0.41633436
0.41633436
0.41633436
38
62
false
wave
