-164.6845
10.19882
5.3586493E-5
-254.98572
-338.196
8.16986
-319.51767
-627.56476
-136.74854
164.6845
-10.198789
-5.4436758E-5
198.81696
-366.08002
42.231743
259.27457
-675.45435
-55.402153
29.614906
237.90614
11.118461
-13.789891
-222.67123
-29.195202
-108.72753
-407.43518
-60.003166
-129.25989
-841.9406
-57.096016
-116.74764
-1245.4634
58.717796
58.106342
-419.05182
-48.31606
79.531075
-853.47876
-42.056786
79.23948
-1262.6279
52.79486
-164.71597
9.677174
2.7643673E-5
-251.03781
-339.71338
8.646719
-324.8012
-630.16504
-129.54436
164.71597
-9.677173
-2.8494243E-5
199.33505
-365.68503
40.742413
262.10577
-676.5883
-50.356304
30.469208
237.73398
12.416917
-13.083862
-222.70168
-29.287819
-106.98882
-407.89398
-60.68322
-126.115944
-842.45056
-56.236607
-116.10637
-1246.283
58.738224
59.014626
-419.04584
-48.017178
80.29821
-853.5082
-44.207836
79.97219
-1262.4431
51.56339
-164.73103
9.417214
3.3172404E-5
-247.52658
-340.84695
7.7410965
-314.73605
-630.98615
-134.39307
164.73103
-9.417242
-3.402297E-5
202.50365
-364.54404
45.36703
265.84482
-676.5591
-41.434437
31.526567
237.39023
15.873072
-12.743324
-222.91249
-27.79618
-107.18412
-408.18463
-57.03951
-123.57969
-842.8219
-50.210236
-115.8013
-1249.5048
54.425095
60.40542
-418.91183
-46.05876
81.229996
-853.3953
-42.132275
81.4753
-1263.3276
49.27612
-164.73526
9.343316
-7.017239E-5
-247.44363
-340.89117
9.752713
-321.37354
-628.7689
-133.63754
164.73526
-9.343316
7.017239E-5
203.40613
-364.21265
46.608246
269.0203
-674.399
-44.929794
31.577003
237.40173
15.598356
-12.647129
-222.98625
-27.242916
-108.41423
-407.75928
-55.30696
-122.69749
-842.4487
-47.17593
-117.11919
-1249.882
54.642735
61.998722
-418.41144
-45.600372
81.42934
-852.9391
-39.843136
80.594826
-1263.816
47.216724
-164.76234
8.852896
2.9770106E-5
-247.50046
-341.2459
13.610288
-312.73395
-628.27576
-135.58238
164.76234
-8.852896
-2.9770106E-5
203.4605
-363.33804
49.424038
272.7565
-669.4755
-52.448
31.666529
237.43863
14.83686
-11.9917965
-223.18079
-25.913898
-107.30024
-408.5456
-51.53042
-121.12402
-843.2804
-45.23985
-112.0684
-1250.9664
55.308872
63.17373
-418.38776
-44.471535
82.55206
-852.9274
-39.495125
77.0835
-1262.6326
52.76422
-164.79173
8.287462
3.3682983E-4
-251.77983
-340.72156
15.025798
-317.32803
-630.30615
-129.00261
164.79173
-8.287433
-3.3682983E-4
202.00189
-362.70508
51.024437
268.68225
-672.62866
-40.633026
31.25446
237.37279
16.652693
-11.235313
-223.40807
-24.240583
-105.6333
-409.47748
-48.056534
-120.7865
-844.1884
-43.38836
-111.142075
-1251.6246
58.113823
64.24252
-418.58856
-41.780823
84.40098
-853.079
-35.718376
75.37749
-1262.3806
58.04084
-164.8173
7.7626543
-2.8706883E-5
-253.7333
-340.6044
18.285398
-323.12494
-629.78345
-124.75397
164.8173
-7.7626553
2.9132176E-5
203.97173
-361.95337
51.145695
270.8435
-669.24884
-48.842587
30.937868
237.3372
17.717173
-10.528494
-223.54189
-23.306131
-104.3843
-409.9828
-46.346695
-119.55273
-844.70056
-42.42527
-112.0996
-1252.1613
59.16313
65.60727
-418.539
-40.02333
84.517845
-853.1013
-35.23355
75.51866
-1261.7834
61.192123
-164.81993
7.706531
-4.920573E-4
-256.80966
-339.95758
16.35661
-314.61246
-628.48584
-133.00972
164.81993
-7.7065296
4.918446E-4
204.59932
-361.63202
52.482746
273.73312
-669.03076
-45.632122
30.061079
237.38734
18.535887
-10.450443
-223.50583
-23.684101
-104.31239
-410.12335
-45.22068
-118.95383
-844.8673
-42.337463
-115.356674
-1252.094
60.392784
65.68222
-418.30676
-42.56289
84.81426
-852.8591
-37.741783
76.14357
-1261.233
60.010513
-164.82059
7.692363
0.022984242
-256.18396
-340.33136
11.521848
-307.04462
-627.9064
-142.14595
164.82059
-7.6923923
-0.022984242
206.15231
-361.40552
52.69026
275.7141
-669.07227
-44.2754
28.364754
237.61813
18.250013
-10.430482
-223.4155
-24.529972
-104.55773
-409.9709
-45.43777
-120.02782
-844.6915
-43.52424
-105.33787
-1255.7786
41.279602
65.90609
-417.92667
-45.461494
84.76755
-852.4939
-40.924263
77.50386
-1261.155
55.736626
-164.87791
6.346506
6.4292806E-4
-239.05756
-345.89328
4.9535437
-303.30402
-637.33105
-135.88826
164.8779
-6.346504
-6.431405E-4
217.65782
-359.35742
46.877487
284.005
-669.64246
-43.793617
30.9
237.22859
19.177795
-8.600025
-223.42218
-25.170769
-101.02667
-410.65695
-47.541664
-116.8802
-845.3514
-43.741543
-102.84837
-1255.3893
46.102818
69.229126
-417.37933
-45.743866
89.07175
-851.90045
-40.98301
80.88162
-1261.3906
52.026405
-164.87578
6.401393
3.008907E-4
-244.1567
-344.55624
11.970461
-309.43637
-632.90393
-134.63838
164.87578
-6.4013634
-3.0099697E-4
219.71252
-358.6881
49.86927
284.32523
-669.3449
-40.78147
29.340477
237.1863
21.949831
-8.683761
-223.66106
-22.919855
-101.914566
-410.69992
-43.52281
-116.19056
-845.46454
-42.567913
-106.93879
-1254.3206
53.094013
69.84057
-417.55328
-41.351738
89.1757
-852.1089
-37.810207
79.22813
-1261.6632
54.74419
-164.86218
6.742325
-5.831751E-4
-246.0701
-343.73346
13.114145
-308.28455
-631.3759
-136.18816
164.86218
-6.7423525
5.830687E-4
219.07515
-359.08716
50.141357
285.69144
-668.95874
-41.738365
27.563957
237.49356
20.905346
-9.146197
-223.64493
-22.897573
-103.16383
-410.28973
-43.498283
-116.8796
-845.07275
-44.2466
-110.58618
-1252.4968
57.56718
69.39524
-417.53717
-41.256134
88.06727
-852.11597
-37.06091
77.09725
-1261.8391
54.626812
-164.87296
6.473681
-3.897757E-4
-244.79697
-344.2035
15.415964
-307.39645
-633.531
-130.42949
164.87296
-6.473682
3.899884E-4
220.33452
-358.23892
52.77563
285.59015
-668.8493
-37.572987
27.684246
237.41359
21.641718
-8.786808
-223.78477
-21.637224
-102.45177
-410.63824
-41.951073
-115.28521
-845.44885
-42.00616
-111.40613
-1252.9025
59.809895
70.06537
-417.71802
-38.136738
89.20102
-852.2822
-34.5652
77.158455
-1262.2987
55.665085
-164.87598
6.396464
-5.8923545E-4
-244.86511
-344.38763
12.338829
-308.2275
-632.4219
-135.72025
164.87598
-6.396464
5.8923545E-4
218.69867
-358.14548
54.550957
285.50848
-668.1952
-36.584343
28.57479
237.27435
22.008165
-8.684591
-223.85846
-20.90391
-102.19762
-410.9422
-39.745007
-114.23251
-845.76965
-42.036034
-110.404785
-1253.2031
59.8628
70.12065
-417.79044
-37.6409
88.92728
-852.3828
-36.742775
76.9828
-1262.1844
54.470894
-164.90247
5.672627
-1.4002582E-4
-244.177
-345.21902
13.806264
-302.35498
-636.9415
-129.06873
164.90247
-5.672627
1.4002582E-4
217.22415
-357.40143
56.11859
284.9933
-667.1312
-35.395477
29.687645
237.03183
23.120548
-7.7047644
-223.97829
-19.984236
-100.82104
-411.31946
-38.222702
-111.93204
-846.1698
-40.817318
-105.82823
-1252.8529
63.928226
72.395294
-417.46283
-35.72309
89.82814
-852.1133
-35.959904
77.990234
-1261.8798
55.425526
-164.92091
5.1077003
1.5948268E-5
-241.59912
-346.29373
15.410167
-307.61722
-631.2401
-137.38766
164.92091
-5.107731
-1.584195E-5
216.8225
-356.6525
57.641098
282.62317
-667.2583
-32.327446
28.991283
237.04713
23.836046
-6.9408274
-224.10997
-18.74968
-99.59595
-411.83026
-35.366657
-111.65745
-846.64465
-39.356575
-103.33369
-1253.3296
65.22886
73.96039
-417.30005
-34.00029
92.412674
-851.9085
-33.973293
79.09
-1261.7748
56.75784
-164.92366
5.018574
-1.3354018E-4
-240.21387
-346.66077
15.906506
-273.6565
-610.1976
-179.87386
164.92366
-5.0185447
1.3354018E-4
218.0606
-356.97382
53.888626
287.65436
-668.19476
-30.95385
26.74369
237.64107
20.285357
-6.819333
-224.10248
-18.883188
-99.19575
-411.83112
-36.898808
-114.90596
-846.5216
-41.62741
-101.34865
-1252.831
63.8659
74.08809
-417.37842
-32.968376
95.43204
-851.8544
-33.333458
82.56848
-1262.126
55.614517
-164.93054
4.7875056
-4.4017528E-5
-225.07576
-349.5682
-20.361706
-242.3955
-592.3021
-243.25237
164.93054
-4.787563
4.380488E-5
218.11993
-356.31842
56.541664
286.4819
-666.04736
-34.533157
25.254892
237.85776
19.643778
-6.506075
-224.13492
-18.606634
-99.06444
-411.8351
-35.973095
-116.58375
-846.45276
-41.031513
-100.20183
-1252.0776
66.67203
75.10074
-417.10577
-32.83969
95.97157
-851.6047
-33.131527
81.8288
-1261.8303
55.834385
-164.9243
4.99726
6.166663E-5
-224.67395
-347.9797
-37.910995
-242.63028
-625.3368
-215.81715
164.9243
-4.997261
-6.124136E-5
219.91574
-357.0652
51.22618
284.43567
-666.8219
-42.51779
23.890104
238.10541
18.305304
-6.7882853
-224.0335
-19.695578
-100.26319
-410.8897
-40.8425
-118.691345
-845.4857
-44.269485
-99.63839
-1250.8844
63.845963
75.481285
-416.86108
-31.911926
96.24446
-851.36444
-32.752403
81.759674
-1261.6753
55.76432
-164.91975
5.145265
-1.2971259E-4
-227.49837
-347.02658
-40.72991
-147.10315
-505.15695
-318.9949
164.91975
-5.145266
1.3056317E-4
219.90273
-358.32523
42.904617
287.1839
-668.55505
-47.26574
22.158865
238.55191
14.211458
-6.9854803
-223.90384
-21.054104
-101.21888
-410.1066
-44.47634
-119.94273
-844.69324
-47.45263
-100.97088
-1250.35
59.704544
75.83562
-416.49817
-33.22376
97.19488
-850.9729
-32.50155
80.53067
-1261.556
54.353325
-164.92792
4.876508
-6.762067E-5
-232.10757
-346.69775
-38.502728
-149.792
-453.8058
-339.58746
164.92792
-4.8764787
6.762067E-5
218.36716
-358.54337
40.791958
280.91742
-669.7241
-49.507618
22.133717
238.3648
17.097124
-6.6234303
-224.01184
-19.995718
-100.35457
-410.4356
-43.673607
-124.03425
-844.76794
-48.114025
-101.5168
-1250.2467
59.030346
76.36276
-416.65363
-30.117
97.70282
-851.12756
-28.70651
81.543755
-1261.909
57.30178
-164.92905
4.8385544
1.9350568E-4
-246.56224
-342.97473
-44.293514
-179.34015
-311.97412
-365.88354
164.92905
-4.8385835
-1.9350568E-4
216.41948
-358.87787
40.061424
275.46378
-670.8214
-49.966187
22.09167
238.46185
15.74472
-6.5694203
-223.92679
-20.943819
-99.423615
-410.8245
-44.339222
-125.081894
-845.0426
-48.949333
-104.075775
-1250.8422
57.283813
75.54371
-416.82837
-33.0438
97.132576
-851.28577
-30.649244
81.73736
-1262.347
54.154205
-164.85992
6.797739
3.5086196E-5
-239.47891
-340.0514
-61.05495
-158.34822
-237.73756
-364.12207
164.85992
-6.797709
-3.5086196E-5
209.83292
-362.1886
35.703403
272.1498
-673.3341
-54.878407
16.233492
239.24419
9.934499
-9.213306
-223.44444
-24.752712
-103.204636
-409.61807
-49.34957
-130.24463
-843.76373
-52.72515
-113.15816
-1249.949
52.733932
69.400665
-417.38687
-42.250694
91.65234
-851.7898
-37.35505
75.31037
-1263.2795
45.162186
-164.74713
9.13128
1.9680287E-4
-231.63013
-337.2609
-71.68762
-145.2095
-184.84808
-351.33347
164.74713
-9.131248
-1.9680287E-4
203.37762
-365.45853
33.74214
269.65973
-676.9934
-52.586708
9.829596
239.6923
7.1395855
-12.366592
-223.11879
-26.269222
-109.76002
-407.71594
-49.473152
-135.15997
-841.9647
-52.282055
-123.34509
-1248.7902
51.416927
64.09982
-417.52606
-47.68659
85.71961
-851.9601
-42.722725
68.47129
-1263.5042
39.338326
-164.2211
16.013382
2.5155736E-4
-254.29817
-327.52747
-58.870815
-160.91321
-144.17126
-316.86258
164.2211
-16.013386
-2.52408E-4
182.9368
-373.14868
41.280567
252.45094
-684.3929
-43.54173
-5.887089
239.81581
7.3292823
-21.695541
-222.49248
-25.522516
-126.99695
-403.2334
-44.078636
-150.22304
-837.6085
-46.023403
-142.77017
-1245.1504
55.238888
46.494698
-419.56152
-50.298958
70.13239
-853.9065
-47.02388
50.667656
-1265.2656
35.466927
-164.13069
16.914963
-1.5905741E-4
-287.2404
-290.9311
-140.26704
-167.36115
-79.55966
-363.54065
164.13069
-16.914963
1.5905741E-4
184.09642
-374.3153
38.293007
254.31494
-685.55774
-45.953575
-3.8252378
239.9238
4.684572
-22.885887
-222.06856
-28.049809
-131.2782
-400.8965
-47.328674
-148.3854
-835.5383
-51.663036
-143.55714
-1243.049
49.883816
46.423637
-418.30237
-56.129738
69.87666
-852.6605
-53.308193
51.974094
-1263.7991
30.623669
-164.33185
14.833997
-2.8451715E-4
-244.63203
-253.27727
-226.42519
-139.10147
3.9679108
-404.15594
164.33185
-14.834029
2.8451715E-4
195.6189
-372.19522
30.233881
264.58237
-682.5669
-58.15986
1.1950172
239.86761
7.8802667
-20.083904
-222.49107
-26.820822
-125.10863
-402.76392
-50.727036
-142.836
-837.36676
-56.30583
-136.76717
-1246.0076
40.523243
51.04936
-418.90344
-48.32048
73.40813
-853.3229
-46.1187
60.107628
-1264.4971
38.49106
-164.48538
13.021537
-2.8919532E-5
-229.06665
-235.562
-252.2608
-107.77594
29.846268
-406.36145
164.48538
-13.021534
3.0620675E-5
196.3952
-369.96774
34.22242
273.1698
-680.322
-47.5448
1.8571695
239.92755
-5.5963078
-17.539858
-221.5606
-35.046513
-121.5863
-402.87555
-55.027008
-137.44144
-837.5798
-57.449924
-135.90552
-1246.708
37.48039
55.716377
-414.44635
-74.14403
76.77367
-848.9348
-72.97246
58.66553
-1258.8535
16.686508
-164.57231
11.872331
2.2965549E-5
-222.12192
-246.46843
-244.02477
-100.11853
32.12523
-372.0902
164.57231
-11.872329
-2.1264397E-5
200.41574
-367.45895
43.282635
278.89478
-677.0543
-39.73393
0.9432597
239.84445
-8.588072
-15.941801
-220.98299
-39.20941
-120.47924
-402.25684
-56.864975
-134.20709
-837.04004
-57.13418
-134.18553
-1246.8693
34.735374
59.72255
-410.93668
-87.08946
80.06721
-845.4602
-87.721405
59.267986
-1254.7959
3.9940567
-164.61719
11.232854
1.8712637E-5
-217.8086
-194.10243
-290.87466
-54.864105
91.51445
-318.66132
164.6172
-11.23285
-1.3609187E-5
195.53345
-368.57755
30.804935
270.30853
-680.0446
-48.548306
-0.3625087
239.71175
-11.753457
-15.036858
-220.36661
-42.865524
-118.73288
-401.6808
-64.59808
-136.54648
-836.3158
-64.88478
-133.62599
-1246.6074
24.849228
61.230583
-409.52774
-92.87898
79.51556
-844.13837
-94.94215
59.560135
-1252.7622
0.075286865
-164.62906
11.057832
-5.9540575E-6
-230.00665
-219.01343
-269.05942
-67.11777
66.878876
-294.215
164.62906
-11.057868
8.505746E-7
198.16197
-367.82886
34.496128
276.40265
-678.10095
-46.185963
-0.9802374
239.85698
-8.225834
-14.81616
-220.5841
-41.81073
-117.83749
-402.3756
-62.7501
-137.9513
-836.9075
-61.167892
-133.6586
-1246.726
30.649345
61.18873
-410.08273
-90.93846
79.90271
-844.6797
-90.43513
59.411766
-1253.4783
3.7127228
-164.57265
11.867813
-7.655168E-6
-241.00787
-222.54279
-262.3153
-75.81557
62.17386
-285.7233
164.57265
-11.867851
3.4022985E-6
191.4767
-369.19315
34.56631
271.09964
-679.5756
-44.31912
-1.1495678
239.99458
-1.13361
-15.958285
-221.29567
-37.39735
-118.83483
-403.386
-56.3588
-140.6884
-837.82837
-53.667347
-134.42162
-1247.7971
37.36202
58.355267
-412.72754
-81.34427
77.05383
-847.319
-78.971
57.870415
-1256.3267
14.542267
-164.75887
8.917236
1.7011487E-6
-205.54053
-200.1634
-290.2105
-93.63831
110.126724
-300.10617
164.75887
-8.917238
-5.103447E-6
197.34464
-365.43393
37.868652
279.2023
-676.08826
-37.584755
1.372102
239.63112
-13.230568
-11.919172
-220.2237
-44.54721
-112.335686
-403.93378
-60.891125
-133.2216
-838.4191
-57.534397
-133.04617
-1248.4175
33.577557
65.22559
-406.78845
-102.3596
83.74289
-841.3781
-98.62829
59.28656
-1250.4153
-6.4843826
-164.75566
8.976074
-2.0413934E-5
-216.3464
-178.93156
-302.70306
-103.275116
129.60909
-272.41193
164.75566
-8.976076
1.7011489E-5
196.67865
-365.2223
40.860157
281.707
-676.08435
-30.09734
-1.4518917
239.67448
-12.410757
-12.003291
-220.32042
-44.04363
-112.36268
-404.18573
-58.927917
-135.13773
-838.57117
-54.977875
-138.864
-1247.5442
40.5586
64.838264
-406.84277
-102.39418
83.83194
-841.41846
-99.53507
57.899113
-1250.5338
-8.145172
-164.6222
11.1594925
-1.1631601E-4
-325.88324
-217.48883
-226.52785
-206.01727
89.401794
-245.24371
164.62218
-11.159461
1.1546545E-4
201.33885
-367.45798
36.10077
276.74582
-678.4503
-44.506516
-1.3408211
239.76892
10.4435215
-15.0688715
-222.29512
-31.349773
-118.88415
-403.41132
-54.137993
-141.33739
-837.8274
-52.26149
-135.32399
-1246.4633
44.591896
63.01574
-414.9301
-61.25894
82.89246
-849.4564
-57.15949
65.545654
-1259.343
32.796223
-164.60367
11.429355
-5.9965485E-5
-394.24533
-229.50493
-137.16922
-275.9887
77.857315
-158.23608
164.60367
-11.429357
6.0816066E-5
200.7921
-367.78915
36.0292
266.90445
-679.78125
-48.765415
-4.259687
238.45924
26.814886
-15.526676
-223.61295
-19.523647
-117.742966
-405.5296
-43.149105
-144.60104
-839.68134
-47.139313
-133.71185
-1247.7192
51.787567
60.97846
-418.96136
-28.795338
80.05536
-853.51135
-23.561808
67.852776
-1263.9484
64.71353
-164.89656
5.84165
1.7011485E-5
-357.91473
-296.40448
-31.484325
-254.34485
13.502472
-77.64658
164.89656
-5.84162
-1.7011485E-5
223.80872
-359.4169
33.3746
287.29248
-670.0099
-58.286793
8.646317
235.22087
46.865604
-7.9603
-224.7016
-8.415745
-101.7525
-410.64526
-35.396637
-129.05357
-844.7609
-40.219
-111.05722
-1252.1133
60.479355
72.95752
-418.05566
4.4884605
92.187584
-852.60034
9.598505
87.06155
-1263.5435
96.19791
-164.86923
6.567966
-2.8919532E-5
-279.0602
-334.32373
18.795527
-188.83643
-22.931458
-42.804054
164.86923
-6.567965
2.551723E-5
223.72336
-360.12552
33.663593
280.54016
-669.84064
-65.070435
9.920451
234.43646
50.409683
-8.952307
-224.7214
-6.7193284
-102.810165
-410.47305
-34.77327
-129.52283
-844.6281
-39.33756
-112.11862
-1251.6437
62.816372
70.28849
-418.4671
10.117783
90.89603
-852.9625
13.863892
87.352
-1263.8418
100.84465
-164.66595
10.494009
-3.4022974E-6
-283.3751
-329.08945
-13.827733
-187.80252
-24.289581
-96.670555
164.66595
-10.494041
3.4022974E-6
210.05042
-366.20465
31.784143
272.4234
-677.3285
-58.833626
-1.976025
236.46683
40.98207
-14.280463
-224.08061
-14.455063
-110.395805
-408.51825
-43.517036
-137.75537
-842.6553
-44.729534
-125.681885
-1249.9803
56.9586
58.32553
-421.07562
-9.83609
81.225876
-855.4254
-3.4462967
76.50553
-1265.782
85.91383
-164.65031
10.736621
3.31724E-5
-313.6847
-297.30795
-111.791275
-205.222
5.486084
-185.62634
164.65031
-10.736651
-3.31724E-5
210.60954
-365.93735
36.334892
279.0627
-673.8685
-60.5804
-4.94045
238.85324
22.906738
-14.555151
-223.20895
-24.308641
-110.01996
-408.11362
-52.535152
-138.0715
-842.2073
-51.641445
-134.28749
-1250.8762
45.18536
56.591896
-420.33997
-37.630203
79.73402
-854.67444
-31.070736
73.48219
-1263.0786
66.74013
-164.78596
8.401544
-2.7643673E-5
-290.68906
-243.87343
-223.84314
-168.67311
50.386368
-310.00156
164.78596
-8.401541
2.849424E-5
209.34843
-363.0534
42.85157
277.80066
-672.386
-49.4937
-3.298227
239.9117
5.612149
-11.330642
-222.23734
-33.27435
-105.27274
-408.44705
-57.78609
-134.48308
-842.46454
-57.039524
-139.2503
-1251.2053
39.43974
62.802284
-416.0328
-65.64131
85.110016
-850.44727
-62.25836
73.0417
-1257.6698
39.840294
-164.8183
7.741239
1.0717237E-4
-275.068
-265.46466
-206.89003
-153.18729
10.980286
-339.64276
164.8183
-7.741239
-1.0717237E-4
211.02968
-362.06955
43.77172
279.73026
-671.26556
-48.84616
-1.6328017
239.91133
6.3155375
-10.448239
-222.45294
-32.101772
-103.5553
-409.2116
-55.60217
-131.67465
-843.26184
-61.494873
-139.12663
-1251.5593
36.676247
64.36955
-416.14676
-63.486595
86.59219
-850.55786
-59.223602
75.08486
-1257.9548
42.242233
-164.81128
7.889165
1.4459763E-5
-258.27484
-234.86104
-248.87126
-90.46394
39.485764
-322.8532
164.81128
-7.889197
-1.4459763E-5
205.58575
-362.50458
46.74796
279.96338
-670.0681
-46.91444
-2.2463834
239.95863
3.847914
-10.637624
-222.2289
-33.558266
-104.99209
-408.73956
-53.83159
-132.90384
-842.76776
-61.923332
-142.22931
-1251.4836
34.328255
64.63922
-414.77295
-70.43892
87.13631
-849.182
-67.67061
74.39166
-1256.4249
34.2647
-164.7812
8.494448
3.699998E-5
-273.8446
-235.45175
-241.23724
-127.76549
-9.281525
-432.04584
164.7812
-8.494417
-3.8275848E-5
204.03883
-363.12302
47.93094
275.78156
-671.37463
-45.52443
-3.1623828
239.82695
8.545832
-11.4711485
-222.52571
-31.23655
-107.61532
-408.14813
-51.251858
-134.88213
-842.20233
-60.11051
-139.38707
-1251.1594
35.46032
64.46652
-415.50006
-64.31777
85.54852
-849.9707
-60.338364
75.51307
-1257.217
41.88559
-164.69919
9.958786
2.1264357E-6
-275.34393
-280.77997
-181.187
-165.44077
-95.11386
-430.88556
164.69919
-9.958821
-4.2528727E-6
197.94502
-365.40668
46.384674
267.6968
-674.24915
-46.62632
-6.0648103
239.6194
12.073171
-13.475585
-222.86003
-27.87141
-111.23615
-407.87012
-45.595436
-138.59308
-841.83026
-58.052887
-138.09422
-1248.997
44.976547
60.79589
-417.03488
-57.53408
81.62807
-851.5315
-55.605694
71.51978
-1258.4111
48.060993
-164.67097
10.41488
-2.1689648E-5
-234.70143
-330.89304
-90.57949
-166.9842
-188.22615
-380.33893
164.67097
-10.414879
2.254022E-5
199.25949
-366.50427
40.04996
264.7262
-676.14526
-53.41966
-4.173791
239.57222
13.701555
-14.098002
-222.90547
-27.191772
-112.61781
-407.43976
-45.656357
-138.34836
-841.54456
-56.426086
-134.98923
-1247.4221
51.518646
60.021076
-417.42032
-54.946697
79.7136
-851.9719
-53.499405
70.67236
-1259.0225
49.593178
-164.69667
10.000247
2.5240798E-4
-227.90854
-325.26907
-114.88568
-182.63196
-236.7124
-429.54062
164.69667
-10.000247
-2.5240798E-4
200.60826
-367.08463
28.303791
265.97195
-679.108
-56.954617
0.29464337
239.54053
14.840611
-13.525128
-222.74806
-28.729359
-111.49137
-407.0814
-51.616913
-136.60391
-841.27124
-60.19158
-136.94844
-1247.4337
46.728622
61.288754
-417.2433
-54.70041
79.85484
-851.8442
-53.155132
71.85553
-1259.0989
49.21461
-164.8176
7.756077
-7.844736E-4
-226.98206
-325.034
-122.41952
-189.64651
-295.61044
-448.9778
164.8176
-7.756046
7.844736E-4
205.62482
-364.34814
27.872463
269.19458
-677.2539
-55.487606
6.119994
239.22322
18.297543
-10.496484
-223.05522
-27.589796
-107.47673
-407.81067
-51.259663
-131.3108
-842.14026
-55.09797
-131.26692
-1248.5674
50.81253
68.73081
-416.16376
-50.65782
83.561325
-850.90735
-48.912117
76.15625
-1258.5513
51.94232
-164.86752
6.6103773
-7.3194574E-4
-224.4415
-327.22998
-120.83763
-204.88428
-345.81067
-449.73315
164.86752
-6.6104093
7.3199905E-4
209.42216
-362.96762
24.98942
272.3123
-675.4085
-60.599907
11.027418
238.98036
19.151417
-8.948843
-223.19307
-27.014366
-104.86847
-408.5536
-50.27177
-128.3782
-842.8545
-57.69
-128.70195
-1248.8118
50.006947
71.85571
-415.71655
-49.49414
87.51099
-850.4281
-47.091675
79.59058
-1258.4257
52.282654
-164.9311
4.7671394
-0.0019432171
-236.57404
-327.90973
-117.447174
-214.18828
-435.18402
-428.72052
164.93112
-4.7671676
0.0019432562
220.07533
-359.00577
32.775723
279.86612
-673.3912
-47.76546
16.383692
238.4743
21.484524
-6.4588556
-223.47139
-25.373793
-101.782074
-409.37628
-46.654198
-124.064926
-843.76874
-52.282715
-126.032364
-1249.8564
54.903313
77.95783
-414.54874
-46.89741
94.17417
-849.2456
-46.063435
84.183426
-1257.5295
51.9389
-164.96483
3.4060953
-2.8494238E-5
-256.38464
-330.90652
-97.35237
-235.7262
-476.4864
-392.7838
164.96483
-3.4060652
2.8494238E-5
205.85991
-357.6746
49.20776
276.4776
-669.0086
-34.3643
20.432562
238.01118
23.09075
-4.6194177
-223.73073
-23.414106
-97.584366
-411.19986
-41.101578
-119.61452
-845.6228
-45.148193
-122.5044
-1252.5159
58.91751
80.36613
-414.51367
-45.307785
97.74425
-849.1664
-45.366592
86.47908
-1257.6299
51.745026
-164.92932
4.828511
7.399997E-5
-251.35956
-339.21704
-61.33879
-267.939
-541.67676
-321.40643
164.92932
-4.828511
-7.399997E-5
216.84378
-359.4016
34.391792
277.71408
-672.7773
-49.21749
23.172153
236.98888
29.988716
-6.5580664
-224.00659
-20.075869
-99.74512
-410.5767
-44.728874
-121.28045
-845.0232
-48.911945
-118.68972
-1253.0013
50.823315
76.045135
-416.85406
-29.379547
95.500534
-851.4149
-27.552452
88.92491
-1260.4646
67.50067
-164.91626
5.256001
-2.9344823E-5
-259.0066
-334.21988
-74.18305
-275.15536
-577.3115
-296.77158
164.91626
-5.25603
2.8706887E-5
216.70795
-360.1578
31.022047
274.328
-673.5881
-54.65995
21.976364
237.96301
22.150574
-7.1250534
-223.56203
-24.37735
-101.7036
-409.47375
-48.703037
-122.8106
-843.9335
-53.626625
-121.628685
-1252.2928
44.562965
75.71344
-415.79214
-41.27025
94.26155
-850.3964
-41.55773
86.244896
-1259.344
53.823715
-164.88882
6.056028
-5.9114926E-5
-259.17346
-334.1178
-70.65542
-298.25735
-600.90674
-260.9082
164.88882
-6.0560265
5.8689628E-5
218.03493
-360.49683
33.87045
273.0185
-674.385
-51.867687
21.81956
238.11449
20.62512
-8.20435
-223.38226
-25.65264
-103.55114
-408.75076
-51.098824
-124.09403
-843.25195
-54.514095
-122.08128
-1251.4783
44.213726
73.5923
-415.96323
-43.593628
90.97812
-850.6121
-45.34409
82.77863
-1259.5732
49.96346
-164.8668
6.628281
5.5287715E-6
-256.44626
-338.74094
-43.969227
-314.37915
-627.5028
-192.83278
164.8668
-6.62825
-6.379345E-6
220.39545
-360.73132
33.579613
274.5255
-672.9546
-58.54297
24.66632
237.90881
19.772888
-8.975431
-223.25066
-26.52522
-105.062874
-407.90338
-54.28436
-125.36867
-842.4227
-56.645
-119.72542
-1250.1942
43.807064
72.425285
-416.0794
-43.583916
92.43109
-850.61536
-45.38285
81.54039
-1259.6697
49.252663
-164.85649
6.880318
-8.5057445E-6
-250.57602
-342.08807
-21.754004
-312.1281
-643.94226
-140.05624
164.85649
-6.8803477
8.5057445E-6
220.58186
-360.92792
33.837822
274.59308
-675.2575
-50.89521
26.32015
237.56694
21.660841
-9.320492
-223.32562
-25.764088
-105.2207
-407.94354
-54.388603
-124.39938
-842.5072
-57.797943
-117.756935
-1249.8271
44.409294
71.4138
-416.61115
-40.686295
92.12528
-851.1161
-41.90681
81.534164
-1260.2383
52.46915
-164.84752
7.0919447
-1.0844824E-4
-246.05984
-343.62677
-0.9755678
-326.02127
-641.8586
-117.439964
164.84752
-7.091914
1.0759765E-4
218.10567
-360.5915
42.44576
270.20297
-672.84515
-50.73956
27.75257
236.98026
25.887512
-9.619208
-223.59311
-23.207487
-106.00316
-408.34805
-49.20263
-124.023346
-842.9575
-53.057823
-117.60433
-1250.4498
48.474358
71.00232
-417.04947
-36.428955
91.13446
-851.56744
-40.146286
83.089836
-1260.6315
54.732216
-164.84122
7.2368016
-4.7632166E-5
-240.73965
-344.66354
2.361687
-320.65637
-647.1421
-102.61482
164.84122
-7.236772
4.7632166E-5
220.25099
-360.04294
45.360676
271.9
-673.002
-45.683346
29.023504
236.83182
25.851902
-9.815839
-223.58812
-23.173216
-106.41753
-408.21606
-49.26214
-123.42124
-842.8668
-53.078934
-122.37445
-1249.9392
50.318466
70.703285
-417.098
-36.234695
90.60348
-851.6199
-40.680183
84.071365
-1260.6938
54.27176
-164.80911
7.9343553
2.7218377E-5
-238.53584
-344.38092
6.189867
-316.89502
-651.5506
-85.49791
164.80911
-7.934357
-2.594252E-5
221.13971
-360.50525
46.050083
272.67984
-673.97424
-43.285267
29.55663
236.79565
25.577671
-10.760323
-223.5086
-23.518454
-109.41827
-406.9732
-50.114487
-121.86508
-841.7818
-53.517635
-121.36261
-1248.49
51.306812
70.31549
-416.78992
-36.52002
90.35225
-851.3035
-41.148987
83.36168
-1260.7207
52.278755
-164.88156
6.250367
-1.4459766E-5
-234.5086
-346.64697
14.681101
-321.61838
-646.6185
-91.75633
164.88158
-6.2503657
1.2758615E-5
222.33406
-358.47852
47.270695
273.92703
-671.425
-43.848217
31.125988
236.54193
26.059416
-8.483183
-223.78267
-21.779587
-104.07142
-408.93796
-47.864113
-120.74251
-843.59796
-52.079613
-120.78961
-1251.2686
48.938316
73.341576
-416.8907
-32.45701
94.223366
-851.341
-38.928944
86.69766
-1259.7812
58.641346
-164.87924
6.311491
-1.9563213E-5
-235.34082
-346.39603
15.250267
-323.18967
-643.61584
-98.07652
164.87924
-6.3114614
1.9563213E-5
220.86061
-359.30383
43.156456
269.1336
-671.8531
-51.091476
30.546913
236.77351
24.600563
-8.562929
-223.69691
-22.613363
-104.162476
-408.7303
-49.50914
-120.3714
-843.4259
-50.92597
-121.172905
-1251.6338
47.895733
73.167755
-416.8108
-33.88812
94.996826
-851.2152
-40.317238
89.55209
-1259.9177
56.288002
-164.89993
5.7419972
-0.20395371
-235.5606
-346.86212
16.451242
-322.69696
-638.048
-112.071236
164.91064
-5.4252086
-0.20437367
216.87196
-359.19635
41.580585
267.95126
-670.17175
-56.323452
30.153759
236.90268
23.829933
-7.765796
-223.78636
-22.008005
-103.04212
-409.235
-47.132515
-117.03668
-844.0098
-47.195194
-121.37997
-1252.0671
52.154278
74.07901
-416.78476
-34.379353
96.493774
-851.1733
-39.781723
90.655174
-1259.5128
58.32415
-164.8862
6.127047
1.1993098E-4
-236.48328
-346.01846
21.619652
-325.5921
-634.9531
-110.57856
164.8862
-6.1270175
-1.1993098E-4
216.56404
-359.64166
44.23582
267.60965
-668.9397
-58.861645
27.51239
237.51546
20.723728
-8.317621
-223.83952
-21.25295
-103.47862
-409.52853
-45.001106
-118.57006
-844.2654
-43.959034
-121.659515
-1252.5887
54.339
73.186
-416.9936
-33.4458
96.17174
-851.37476
-36.554424
92.49643
-1259.3286
63.245853
-164.87277
6.478175
-5.8264337E-5
-235.38492
-345.76514
23.509321
-317.472
-633.6846
-115.286026
164.87277
-6.478206
5.9540213E-5
214.78285
-359.75793
47.983524
267.16782
-671.6452
-46.26157
26.922855
237.30466
23.69927
-8.797195
-223.89247
-20.488373
-104.45658
-409.5921
-42.05036
-119.87363
-844.30695
-38.8358
-121.86111
-1252.1697
61.384117
72.267746
-417.1715
-33.59135
96.09514
-851.5162
-32.193024
92.44939
-1260.3092
64.11363
-164.87476
6.4276805
-1.394942E-4
-234.01828
-346.02606
24.403494
-302.6516
-635.66516
-118.06985
164.87476
-6.4277105
1.3991952E-4
217.24725
-359.52585
46.677864
271.3201
-672.6605
-42.332253
27.552725
237.13364
24.667501
-8.729955
-223.9297
-20.106697
-104.3294
-409.70258
-41.30051
-120.32369
-844.3949
-37.871025
-121.358055
-1252.2134
62.542885
72.37969
-417.20856
-32.933334
94.420395
-851.6342
-29.250185
92.21498
-1260.3789
67.30497
-164.89731
5.820431
3.529884E-5
-231.24063
-347.19272
24.088947
-292.06375
-636.5033
-122.53969
164.89731
-5.82046
-3.529884E-5
218.21509
-358.66168
47.542625
271.7723
-671.45654
-42.961525
26.957342
237.29877
23.71922
-7.905077
-223.95647
-20.149853
-102.23512
-410.45062
-40.687027
-119.527115
-845.09753
-37.848465
-121.43445
-1252.6277
63.71673
73.25987
-417.15814
-33.764587
95.5375
-851.55615
-28.56075
93.49437
-1260.146
68.651215
-164.89694
5.830906
1.01431E-4
-228.96814
-347.6249
23.746138
-287.5816
-634.5615
-128.34543
164.89694
-5.830877
-1.01431E-4
217.47684
-358.39206
50.35821
273.52997
-671.3815
-37.93498
26.428041
237.28296
24.461246
-7.9188643
-223.94463
-20.2755
-102.1689
-410.45105
-41.066814
-119.85421
-845.08167
-38.14939
-122.329384
-1252.7363
62.90264
73.15131
-417.1886
-33.854954
96.59662
-851.51337
-27.747223
94.90088
-1259.7749
70.840744
-164.89455
5.8976555
1.19505705E-4
-228.21443
-347.44894
27.143684
-291.27548
-637.28394
-117.49024
164.89455
-5.897655
-1.20356264E-4
217.12057
-358.13858
52.90322
277.85092
-668.3529
-41.853622
25.062271
237.4104
24.661224
-8.012264
-224.02026
-19.383837
-102.42224
-410.41028
-40.491264
-120.70007
-845.0239
-39.104008
-118.83833
-1252.2024
63.863056
73.12535
-417.35687
-31.115543
97.3609
-851.6277
-24.299465
94.25982
-1260.0988
73.38272
-164.89407
5.9113774
-4.2529024E-5
-226.70842
-346.55914
39.28755
-298.72702
-634.9701
-104.00398
164.89407
-5.9113774
4.2529024E-5
218.00111
-358.2931
51.056824
275.79828
-669.47363
-42.357178
25.859398
237.02304
27.411322
-8.035568
-224.14828
-17.831873
-102.57901
-410.1745
-41.406937
-122.100555
-844.7308
-39.22505
-118.961685
-1251.769
64.26395
73.41983
-417.59586
-24.393925
97.91684
-851.79535
-14.611446
98.38572
-1256.5793
97.41402
-164.9381
3.1289492
3.2609334
-243.35635
-348.2015
-0.92281055
-309.13358
-635.57825
-149.20618
164.8132
-7.156793
3.2230263
210.20566
-360.14902
57.408134
274.49435
-671.8218
-29.924934
23.773008
238.3761
14.549349
-6.7156377
-223.60162
-24.129305
-101.0678
-410.30496
-42.55563
-119.68241
-844.895
-39.396637
-124.96921
-1251.8206
64.44786
76.58986
-415.04413
-46.711685
98.30616
-849.44666
-39.791256
90.98554
-1256.2388
64.45169
-164.9231
5.036994
0.0010836051
-238.44011
-347.2068
10.93631
-294.34674
-634.3281
-141.82425
164.9231
-5.036995
-0.0010835255
212.34138
-357.43616
56.26899
271.82205
-667.9354
-38.347404
23.068758
238.25403
17.402649
-6.833208
-223.73001
-22.87333
-100.91675
-410.42505
-42.70375
-117.75162
-845.0931
-40.401115
-125.37607
-1252.664
60.731873
75.71543
-415.89767
-41.77612
96.755714
-850.3272
-34.4754
92.21466
-1257.4242
68.73045
-164.93097
4.7722955
-2.7218379E-5
-234.53699
-347.8771
19.833757
-300.42154
-635.29944
-128.31352
164.93097
-4.7722964
2.764367E-5
214.94536
-356.74445
56.69357
275.46274
-669.02783
-31.15128
23.821526
237.8465
21.484549
-6.477751
-223.87172
-21.552036
-100.13201
-410.69257
-42.21237
-117.24904
-845.33826
-38.32415
-120.27606
-1252.003
66.62641
76.38412
-416.18195
-37.385098
97.463
-850.5978
-29.413166
93.84385
-1258.1069
72.18985
-164.92847
4.8581038
-8.5057436E-5
-231.6097
-348.0998
23.965492
-297.8626
-637.5285
-120.05389
164.92847
-4.8581038
8.5057436E-5
215.61705
-357.27585
53.220356
274.77115
-668.59717
-38.86571
24.602354
237.59686
23.290476
-6.594785
-223.88718
-21.355055
-101.20307
-410.15198
-42.67881
-116.40201
-844.87415
-39.419773
-116.88606
-1251.006
67.616165
77.11228
-415.9173
-36.104603
97.33528
-850.35864
-27.344702
94.057
-1258.4207
72.02643
-164.90196
5.6872735
-1.0206892E-5
-226.2974
-347.53412
32.63816
-302.36768
-632.67175
-115.04334
164.90196
-5.6872745
1.1482754E-5
216.08685
-358.55496
49.643764
276.2528
-670.8479
-38.40852
24.304949
237.3231
26.211124
-7.7189784
-223.81123
-21.770372
-103.96636
-408.76074
-46.87259
-117.21872
-843.51556
-40.739662
-116.3478
-1249.6744
66.19112
76.03204
-416.04144
-33.31633
97.173584
-850.36505
-21.440865
95.32932
-1259.0703
75.28858
-164.92332
5.029454
1.8117238E-4
-230.09561
-347.90054
28.160496
-293.06796
-639.08875
-113.76878
164.92332
-5.0294533
-1.8202294E-4
216.67113
-357.92487
48.856693
280.38983
-669.6487
-38.711674
24.406002
237.40733
25.339882
-6.823274
-223.74626
-22.716845
-102.27867
-409.17453
-47.306034
-116.631
-843.9286
-44.49645
-117.88798
-1250.7539
59.866108
77.557686
-415.56018
-36.401283
99.20759
-849.8478
-24.129608
96.60819
-1258.8638
71.25982
-164.91083
5.4238615
-1.07597676E-4
-231.58362
-347.44366
25.283264
-305.8234
-634.91296
-118.76494
164.91083
-5.42386
1.0632179E-4
216.00366
-358.57306
47.698677
282.97552
-669.60986
-39.884705
24.310986
237.47775
24.76475
-7.357662
-223.70926
-22.913631
-103.50568
-408.75586
-47.678997
-117.21668
-843.53735
-46.255554
-118.555595
-1249.899
59.896973
76.8295
-415.59903
-36.728165
99.3515
-849.8877
-26.187538
96.7791
-1258.9148
69.15513
-164.889
6.050756
-6.0816063E-5
-236.84775
-346.21997
18.090946
-303.30176
-637.3976
-122.263824
164.889
-6.050758
6.166665E-5
214.42365
-359.80807
44.744595
280.73154
-673.22345
-34.46449
22.679771
237.85759
22.569536
-8.202045
-223.51494
-24.470407
-105.227005
-408.08203
-49.3934
-118.205864
-842.8883
-49.631947
-114.96398
-1247.8711
61.62653
75.374725
-415.47815
-40.750656
97.631516
-849.8451
-33.333443
95.07205
-1258.9647
61.611694
-164.90869
5.4881654
5.996549E-5
-233.68774
-347.4916
16.574718
-308.54266
-638.351
-120.16423
164.90869
-5.488166
-5.9114926E-5
216.00488
-358.5665
48.216736
275.8352
-671.84863
-36.486588
24.104416
237.68436
22.915655
-7.4489403
-223.82759
-21.69611
-103.83171
-408.99237
-44.595043
-114.9952
-843.842
-47.081318
-110.32149
-1247.5717
68.59303
76.73486
-415.73187
-35.32813
95.3831
-850.32855
-37.050175
93.883804
-1258.8435
60.486073
-164.9137
5.3356256
-2.2199992E-4
-233.60832
-347.7201
15.254654
-298.53278
-635.7604
-132.1144
164.9137
-5.335597
2.2199992E-4
217.4766
-357.5202
52.94507
273.6186
-670.81323
-34.207245
24.745018
237.58423
23.268305
-7.241021
-223.80733
-21.973734
-103.55813
-409.25244
-42.785606
-114.448715
-844.1024
-46.228657
-110.067375
-1247.3931
70.97841
77.051506
-415.4635
-38.181137
95.568375
-850.06824
-37.26816
92.6439
-1258.7504
59.53242
-164.90045
5.730851
-2.7590507E-4
-231.89407
-347.6795
14.593685
-301.0274
-638.9087
-124.35272
164.90045
-5.7308526
2.7611776E-4
217.04462
-357.90906
53.39973
276.96017
-670.2301
-34.723377
25.960278
237.40842
23.734089
-7.77589
-223.74619
-22.409508
-104.48503
-409.0293
-42.842712
-116.58462
-843.84644
-46.403126
-110.47974
-1247.5087
69.43956
75.94915
-415.55264
-39.74154
96.02763
-850.08813
-38.870693
90.91194
-1258.0657
60.76949
-164.89383
5.9179697
-2.8845106E-4
-232.82053
-347.27597
15.49204
-309.47473
-631.25946
-134.09912
164.89383
-5.917999
2.8829154E-4
215.04008
-358.39636
53.33256
273.0214
-671.4633
-33.427242
27.3124
237.21411
24.155807
-8.027477
-223.67265
-23.045532
-104.72232
-408.99078
-43.227356
-119.03643
-843.7451
-46.187218
-111.22503
-1248.4769
65.75541
75.18916
-415.5735
-41.728752
94.46136
-850.14
-39.368294
89.103195
-1258.0725
60.443398
-164.85632
6.8841324
2.3443955E-4
-233.60907
-346.2438
13.180999
-304.65598
-638.7277
-122.11685
164.85632
-6.8841934
-2.3422693E-4
212.13692
-360.26785
49.844795
270.67703
-673.76904
-34.94938
28.194565
237.08621
24.396582
-9.334274
-223.52896
-23.930613
-106.83514
-408.2652
-45.52007
-120.28751
-843.05334
-47.344044
-111.17733
-1249.0071
59.980686
72.53116
-415.99957
-42.721912
92.81224
-850.50934
-38.859135
85.89939
-1258.5435
60.440548
-164.87001
6.5482197
-1.0504593E-4
-230.12895
-347.2186
13.7960005
-297.29977
-635.8127
-131.46759
164.87001
-6.5482197
1.0504593E-4
212.45627
-360.48184
45.459343
268.06918
-673.08685
-44.459106
28.292286
237.20065
23.138504
-8.8717575
-223.37268
-25.5135
-106.02402
-407.97214
-49.68958
-119.45546
-842.7586
-51.994923
-109.242775
-1248.8573
54.679897
73.54993
-415.59933
-44.370167
94.16414
-850.0985
-41.129974
86.63118
-1257.8104
59.439842
-164.86334
6.714278
5.3160898E-6
-231.32709
-346.69983
16.764217
-301.1561
-632.6116
-132.49512
164.86334
-6.714278
-5.3160898E-6
213.33926
-360.46915
45.90814
265.86157
-674.42175
-41.127186
28.398964
237.06218
24.39306
-9.095121
-223.32285
-25.868572
-105.73702
-408.11792
-50.58944
-119.29605
-842.9028
-52.40175
-109.57729
-1249.2231
53.4722
72.43357
-415.9174
-44.85303
93.4677
-850.3982
-41.85811
87.23655
-1257.9661
59.38195
-164.61418
11.277086
-5.443676E-5
-242.9758
-340.04898
5.424822
-309.57806
-637.6387
-120.68824
164.61418
-11.277115
5.443676E-5
216.83798
-365.72296
35.225117
243.85211
-675.7742
-74.49483
21.385744
236.15512
37.05942
-15.256814
-222.70743
-28.171383
-115.241234
-403.62097
-65.230865
-126.16029
-838.48083
-63.588562
-126.16919
-1253.3678
1.7475739
60.215714
-418.40195
-38.54251
70.426
-853.07324
-25.0649
73.18428
-1268.4681
36.898365
-164.21129
16.113804
6.8045947E-6
-218.4205
-339.7242
-6.3754287
-285.0691
-640.1294
-125.60089
164.21129
-16.113863
-3.402298E-6
181.96362
-375.63968
5.1043887
196.6447
-682.905
-114.36315
24.521463
236.87343
29.827448
-21.787888
-222.03423
-29.173418
-125.7017
-398.53668
-75.52865
-133.12898
-833.4516
-79.868065
-134.67221
-1251.8054
-42.751106
47.540382
-420.24707
-31.468184
68.79865
-854.6393
-40.212025
56.234764
-1270.5608
16.809063
-164.19305
16.298359
-3.4022974E-6
-217.98982
-339.59302
-6.8722653
-287.5275
-641.1655
-121.40836
164.19307
-16.298334
8.505745E-6
178.26456
-376.0143
-2.5316184
192.41525
-686.40594
-113.69273
23.838493
237.18631
27.827692
-22.025421
-221.88893
-30.086222
-125.709366
-397.44064
-80.397644
-130.42029
-832.2998
-90.41335
-140.84056
-1251.199
-61.867622
47.13768
-420.17227
-29.668514
61.16426
-854.80066
-40.911007
60.8657
-1273.5222
-8.16748
-164.08061
17.394041
-6.8045965E-6
-214.71468
-338.9543
-7.214514
-281.09912
-641.2677
-121.668564
164.08061
-17.394035
-1.7011487E-6
176.84842
-377.11893
-5.914134
191.82999
-687.7543
-116.28274
24.62186
237.12149
27.697636
-23.50053
-221.68422
-30.476757
-128.36086
-396.49908
-80.9156
-129.43762
-831.2667
-95.09032
-144.30008
-1249.5569
-60.270805
44.363697
-420.41626
-30.596216
59.807972
-854.9105
-44.78005
60.193504
-1273.7283
-13.29207
-164.01622
17.991096
-1.0206894E-5
-225.14322
-336.76984
-2.857768
-296.43668
-639.01184
-114.51366
164.01622
-17.991148
5.103446E-6
177.17464
-377.65442
-8.317915
190.8474
-687.5328
-120.96088
26.314173
236.67267
29.89331
-24.282425
-221.37114
-32.096428
-129.39078
-395.0737
-85.75877
-129.99449
-829.93933
-96.55193
-145.86581
-1248.3025
-63.079712
42.902763
-420.3329
-31.488583
58.796818
-854.8999
-42.619938
57.51494
-1274.2549
-19.388313
-164.04073
17.766268
-1.701149E-6
-226.8177
-336.71646
-1.0133988
-294.67126
-641.64624
-107.379555
164.04073
-17.766294
1.701149E-6
177.4642
-377.46036
-6.3231354
189.85013
-685.8289
-123.1795
26.224566
236.8148
28.827398
-23.996216
-221.56355
-30.964075
-129.00479
-395.71313
-83.35802
-132.06856
-830.63306
-91.12465
-146.53668
-1249.6641
-66.555275
43.423683
-420.44336
-29.786192
56.755066
-855.02856
-43.313103
57.12367
-1274.1359
-15.946119
-164.18965
16.33269
-1.531034E-5
-226.41302
-338.2468
1.2696664
-294.91238
-644.4869
-100.832466
164.18965
-16.332657
1.0206891E-5
182.24474
-375.59235
-14.370243
188.55942
-686.71375
-124.2047
23.769472
237.23737
27.448927
-22.076365
-221.93027
-29.742037
-125.61768
-397.1409
-81.51492
-132.85764
-831.89594
-94.18953
-144.33055
-1250.6951
-64.59801
47.047974
-420.2103
-27.123766
58.301575
-854.9025
-38.999046
58.129967
-1274.4521
-19.553967
-164.30911
15.08352
5.1034463E-6
-238.39105
-337.20465
2.2148561
-312.6556
-639.90393
-106.219185
164.30911
-15.083547
-5.1034463E-6
186.314
-374.01984
-16.749067
187.26407
-685.8251
-124.807365
23.150555
237.28233
27.588865
-20.388996
-222.10321
-29.655521
-122.539505
-397.97247
-81.955414
-133.59282
-832.69495
-92.87276
-145.01682
-1251.9257
-70.177376
50.25165
-419.83707
-26.30587
56.734108
-854.38257
-45.098988
57.272327
-1273.328
-15.358973
-164.34828
14.650599
3.5724122E-5
-244.54271
-336.1683
9.744702
-311.0825
-641.26807
-96.96326
164.34828
-14.6506
-3.062068E-5
189.57632
-373.31525
-17.978601
188.41951
-684.3496
-128.23418
22.109283
237.88242
22.87223
-19.83689
-222.52747
-26.702524
-121.55308
-398.92767
-78.052086
-136.80597
-833.51917
-89.12345
-146.89197
-1252.6349
-63.819492
51.186653
-420.01355
-19.2925
56.077236
-854.6505
-36.374367
53.148735
-1273.8344
-10.36764
-164.39822
14.079069
2.0413781E-5
-238.04387
-338.28308
4.148775
-304.8407
-644.5458
-99.00818
164.39822
-14.079073
-1.3609192E-5
191.37103
-372.6834
-16.594357
190.83287
-682.50415
-130.21997
21.96187
237.86452
23.198105
-19.06377
-222.60367
-26.630587
-120.27092
-399.52234
-77.19636
-137.1731
-833.82416
-95.12001
-147.76678
-1252.969
-70.51568
52.662785
-419.86163
-19.952484
54.591423
-854.1437
-44.861057
53.48634
-1273.3464
-19.019863
-164.38458
14.237653
1.020692E-5
-232.97968
-339.1451
3.9157827
-300.8791
-643.1493
-105.038864
164.38458
-14.237598
-1.0206921E-5
186.9151
-373.0229
-19.117414
186.05696
-683.29346
-131.50717
21.736475
237.65102
25.48563
-19.265194
-222.43199
-27.89023
-120.5477
-399.0059
-79.499535
-139.65889
-833.3397
-94.124016
-148.06364
-1252.4465
-68.0683
52.320477
-419.77332
-22.243893
54.646454
-854.1696
-45.03522
50.941566
-1273.3207
-18.602526
-164.40993
13.941888
1.7011489E-5
-234.74655
-339.09723
4.0153794
-304.00397
-643.49817
-102.95888
164.40993
-13.941888
-1.7011489E-5
190.75987
-372.54135
-17.666584
187.14156
-680.32886
-136.63612
21.447903
238.023
22.023825
-18.878397
-222.62383
-26.594078
-119.902245
-399.56607
-77.44313
-138.45532
-833.7242
-97.12822
-146.49237
-1251.9883
-59.838455
53.007782
-419.8107
-19.543499
55.027588
-854.2077
-42.35072
50.902588
-1273.0992
-12.136681
-164.35307
14.596853
1.360919E-5
-231.94812
-338.98267
3.5240252
-308.45847
-640.51196
-106.59501
164.35307
-14.596829
-8.505745E-6
189.5824
-373.182
-19.497814
187.90984
-681.7285
-136.52885
21.856894
237.67992
25.110498
-19.749079
-222.3649
-28.085955
-121.29169
-398.5029
-80.66445
-138.5221
-832.7643
-99.2433
-145.52452
-1251.3573
-65.614944
51.396324
-419.84332
-21.713907
55.103546
-854.1481
-46.016678
53.081932
-1273.0876
-16.25876
-164.34714
14.663452
-2.3816085E-5
-230.20364
-339.2595
1.2124039
-307.34598
-641.0885
-107.637474
164.34714
-14.663451
1.8712635E-5
188.99913
-373.22833
-20.579563
187.41934
-680.2782
-141.48398
21.769905
237.48055
27.001253
-19.828585
-222.23798
-29.019224
-121.3839
-398.1656
-82.27328
-138.40259
-832.43506
-100.857445
-146.54018
-1251.1016
-68.42102
51.2779
-419.75653
-23.516193
54.066765
-854.0725
-47.741966
53.56225
-1272.9668
-17.289965
-164.32672
14.89055
1.7011487E-5
-226.82545
-339.64243
0.49351352
-297.12024
-644.2124
-105.31652
164.3267
-14.890553
-6.8045965E-6
190.27382
-373.5152
-17.7515
189.87086
-679.1498
-142.1997
22.671425
237.56046
25.515501
-20.145079
-222.31383
-28.208748
-122.03957
-398.33395
-80.500496
-138.46313
-832.60297
-99.623726
-145.81462
-1251.1007
-64.90199
50.652695
-419.93347
-22.364723
53.430157
-854.4639
-42.3792
54.91532
-1273.7528
-17.993727
0.0
0.0
0.0
1.07
1.07
1.07
0.0
0.0
0.0
1.23
1.23
1.23
0.17
0.17
0.17
0.13
0.13
0.13
0.73000014
0.73000014
0.73000014
0.23000003
0.23000003
0.23000003
0.0
0.0
0.0
0.0
0.0
0.0
0.0
0.0
0.0
0.0
0.0
0.0
0.0
0.0
0.0
0.0
0.0
0.0
0.51988846
0.51988846
0.51988846
15
30
true
drinking
