0.695062
0.6642338
0.7024101
0.87731326
0.15554363
0.9586844
0.9646848
0.89417875
0.9687855
0.40781754
0.13184011
0.44692057
0.26119143
0.79364586
0.34669763
0.37459368
0.71963733
0.59322995
0.0950492
0.53967214
0.4028439
0.044339716
0.12899333
0.8758837
0.03226006
0.98145545
0.63125414
0.8610015
0.59518623
0.4021747
0.33972496
0.4881552
0.5409563
0.30650514
0.52042854
0.949288
0.10042536
0.62272495
0.39199352
0.9877814
0.49042594
0.18585235
0.3353418
0.9241966
0.7995587
0.78880244
0.7039145
0.36285168
0.90158397
0.38065028
0.5334089
0.4040212
0.66031677
0.96782106
0.9522616
0.12647527
0.21846598
0.6873784
0.6472201
0.18056262
0.18608618
0.69988483
0.6401365
0.508912
0.8366422
0.9036967
0.6960952
0.6590191
0.89516073
0.24228948
0.4882179
0.49157345
0.46922618
0.37867117
0.78573394
0.64555997
0.07595581
0.39163464
0.26949298
0.17425728
0.39347607
0.63116467
0.4890095
0.7967009
0.2913623
0.0065029263
0.09897643
0.15155041
0.23915291
0.4000715
0.008182526
0.93229353
0.36420292
0.06166786
0.86277324
0.41515303
0.1292131
0.2762068
0.3072837
0.45788682
