-164.76404
8.821111
3.062068E-5
-221.8724
-346.47736
-10.081399
-230.47319
-654.93805
-127.03445
164.76404
-8.821137
-3.062068E-5
202.99158
-366.76807
3.5558438
211.39813
-684.115
-86.55675
13.286907
239.29356
12.729574
-12.028892
-224.67818
-0.1377154
-111.688675
-406.27994
-34.615665
-86.20856
-831.51306
53.433033
-52.102573
-1249.8651
38.656044
67.685715
-415.91663
34.117844
109.07826
-839.261
125.1739
86.84772
-1258.4205
110.64586
-164.748
9.115772
-6.804595E-6
-234.45615
-344.04602
-4.1847005
-237.99739
-652.1841
-122.24551
164.748
-9.115746
3.402298E-6
202.27974
-367.13754
3.4324372
210.77069
-684.14
-87.87653
13.521529
239.33888
11.578752
-12.430698
-224.65636
-0.009114383
-112.50578
-406.2199
-33.470272
-83.84724
-830.35004
58.819134
-54.319466
-1249.074
44.735344
67.00319
-416.15466
33.437305
107.22453
-841.0623
117.46536
90.86708
-1260.6324
107.80528
-164.75671
8.956901
0.0
-229.14886
-345.1723
-6.7927327
-224.73361
-645.97186
-142.43982
164.75671
-8.956901
3.402298E-6
202.67195
-366.72696
12.768242
212.9655
-677.3639
-98.131386
14.3084345
238.85272
18.564743
-12.21151
-224.62082
-4.62277
-111.62107
-405.36798
-43.970047
-80.93032
-828.23987
53.30509
-56.88131
-1246.6943
26.518446
67.509636
-416.26276
27.281946
103.967766
-842.2667
107.38461
88.78503
-1261.7878
94.28762
-164.67043
10.423469
1.7011487E-5
-221.54297
-344.5828
-18.33295
-214.95517
-634.99304
-174.9168
164.67043
-10.423469
-1.3609189E-5
204.74503
-367.98755
11.913768
234.3497
-664.9652
-128.89757
17.314854
238.80396
16.518723
-14.212717
-224.5315
-2.932951
-115.08973
-404.11765
-43.830833
-80.321686
-825.07495
60.14592
-61.524994
-1243.3698
27.34148
63.543503
-416.21527
33.279037
103.57074
-839.43634
125.51113
87.027435
-1258.6276
105.38485
-164.67043
10.423469
1.7011487E-5
-221.54297
-344.5828
-18.33295
-214.95517
-634.99304
-174.9168
164.67043
-10.423469
-1.3609189E-5
204.74503
-367.98755
11.913768
234.3497
-664.9652
-128.89757
17.314854
238.80396
16.518723
-14.212717
-224.5315
-2.932951
-115.08973
-404.11765
-43.830833
-80.321686
-825.07495
60.14592
-61.524994
-1243.3698
27.34148
63.543503
-416.21527
33.279037
103.57074
-839.43634
125.51113
87.027435
-1258.6276
105.38485
-164.58131
11.746934
1.7011487E-5
-227.52452
-341.6953
-26.771679
-264.01617
-573.6138
-258.68155
164.58131
-11.746959
-1.3609189E-5
240.88112
-363.43063
9.8449955
298.46436
-603.61273
-209.0082
18.928223
238.28743
21.466782
-16.01207
-224.33629
-6.4688573
-117.657486
-401.96783
-53.535202
-78.79927
-822.83264
49.361946
-48.812996
-1241.2695
29.078049
60.143448
-416.54425
30.360817
110.615875
-838.5752
122.921394
94.232895
-1257.7963
103.293335
-164.5309
12.433231
-3.4022976E-6
-276.85254
-324.25977
-60.180367
-347.48184
-459.31754
-352.8763
164.5309
-12.433258
3.4022976E-6
287.8384
-350.57507
7.439576
399.23923
-467.93628
-280.16467
20.059086
238.11983
22.284098
-16.943903
-224.21951
-7.969501
-118.356155
-399.7898
-62.65618
-72.534775
-818.03674
47.77433
-41.574036
-1236.3438
26.312822
58.001022
-415.76764
34.36946
115.80922
-836.66956
127.7762
96.514656
-1255.2285
98.85959
-164.5309
12.433231
-3.4022976E-6
-276.85254
-324.25977
-60.180367
-347.48184
-459.31754
-352.8763
164.5309
-12.433258
3.4022976E-6
287.8384
-350.57507
7.439576
399.23923
-467.93628
-280.16467
20.059086
238.11983
22.284098
-16.943903
-224.21951
-7.969501
-118.356155
-399.7898
-62.65618
-72.534775
-818.03674
47.77433
-41.574036
-1236.3438
26.312822
58.001022
-415.76764
34.36946
115.80922
-836.66956
127.7762
96.514656
-1255.2285
98.85959
-164.56894
11.919212
6.804595E-6
-354.14038
-280.2266
-91.1783
-454.61642
-281.25836
-405.50854
164.56891
-11.919238
-1.0206894E-5
373.0216
-304.25858
-26.175947
509.69913
-277.7973
-325.3733
19.353323
238.26242
21.365126
-16.247328
-224.3252
-6.2631845
-117.4255
-400.71027
-58.71598
-68.528946
-818.5974
51.758003
-45.989544
-1237.3654
28.835852
59.290215
-415.55597
36.455246
114.36476
-837.8
125.34737
96.619385
-1255.7466
87.853455
-164.63554
10.960786
1.7011489E-5
-385.93176
-256.64902
-94.93663
-503.26862
-184.61043
-394.84076
164.63554
-10.960787
-2.3816086E-5
398.89526
-278.2415
-57.30116
544.678
-171.13644
-333.301
16.44078
238.82939
17.03566
-14.944476
-224.47057
-3.8240945
-115.72223
-402.5518
-51.05671
-69.63788
-820.39734
60.77481
-44.01107
-1239.1421
40.872375
61.819134
-415.5412
37.399323
111.40451
-838.5371
125.94709
99.7177
-1256.9017
90.81198
-164.72815
9.467619
0.0
-416.57492
-223.68584
-108.68609
-542.5137
-103.65257
-389.0991
164.72816
-9.467618
1.0206894E-5
423.55695
-246.26143
-80.84769
571.53674
-73.25812
-319.7448
14.051725
239.44205
8.3699255
-12.90966
-224.61534
2.5066226
-112.72295
-404.6103
-39.196144
-72.53429
-825.1044
64.700905
-43.842445
-1243.9412
52.352493
65.30418
-414.08533
48.154324
109.699585
-838.8815
130.63013
106.49466
-1258.7084
119.00585
-164.76376
8.826352
-2.041379E-5
-446.7579
-187.3507
-107.67489
-573.5255
-21.728745
-363.40784
164.76376
-8.826351
2.3816085E-5
445.5627
-211.13194
-99.11803
588.78394
14.32666
-292.912
14.890754
239.29712
10.73108
-12.035573
-224.66928
1.9627708
-111.2139
-405.2218
-38.834972
-72.111755
-826.7826
61.077892
-49.742783
-1245.7345
41.61246
67.04014
-414.19464
45.862255
106.80956
-840.816
120.94652
107.47973
-1260.8007
117.41992
-164.78506
8.419213
-2.721838E-5
-467.5092
-150.88477
-112.16225
-591.3882
49.83702
-342.95383
164.78506
-8.419214
2.3816085E-5
467.87518
-167.56358
-111.39777
604.0089
96.72414
-254.64438
13.374479
239.39699
10.497763
-11.480497
-224.70007
1.7542031
-110.12639
-405.35645
-39.866257
-70.0288
-825.956
63.638374
-54.036713
-1244.302
30.01015
68.01523
-413.9359
46.14137
106.65056
-839.66345
126.69188
103.019
-1259.4515
113.85608
-164.78506
8.419213
-2.721838E-5
-467.5092
-150.88477
-112.16225
-591.3882
49.83702
-342.95383
164.78506
-8.419214
2.3816085E-5
467.87518
-167.56358
-111.39777
604.0089
96.72414
-254.64438
13.374479
239.39699
10.497763
-11.480497
-224.70007
1.7542031
-110.12639
-405.35645
-39.866257
-70.0288
-825.956
63.638374
-54.036713
-1244.302
30.01015
68.01523
-413.9359
46.14137
106.65056
-839.66345
126.69188
103.019
-1259.4515
113.85608
-164.79915
8.138935
-1.7011485E-5
-496.52087
-73.06624
-113.870056
-614.6525
182.59198
-285.86945
164.79915
-8.138937
1.0206894E-5
495.15088
-77.269394
-125.25455
609.0172
227.88084
-178.33745
12.091868
239.54785
8.403035
-11.097804
-224.70872
2.798455
-109.56229
-405.73358
-37.633415
-70.65834
-825.84344
68.28722
-47.26261
-1244.308
41.083633
68.69394
-413.71063
47.64873
111.01898
-838.0111
133.68745
100.379364
-1256.8314
104.08502
-164.7898
8.32622
0.0
-505.71277
-38.91823
-105.54378
-617.00134
234.01823
-253.93695
164.7898
-8.32622
0.0
503.2523
-35.375904
-119.630516
598.39087
280.07834
-137.99559
12.974071
239.19255
14.784903
-11.353957
-224.71085
-1.0598681
-109.677986
-405.06018
-44.7235
-68.24682
-825.72253
57.99773
-49.60771
-1244.1738
27.157396
68.42584
-414.37354
40.931206
109.71829
-839.24243
124.635124
99.60112
-1257.6521
89.54912
-164.7898
8.32622
0.0
-505.71277
-38.91823
-105.54378
-617.00134
234.01823
-253.93695
164.7898
-8.32622
0.0
503.2523
-35.375904
-119.630516
598.39087
280.07834
-137.99559
12.974071
239.19255
14.784903
-11.353957
-224.71085
-1.0598681
-109.677986
-405.06018
-44.7235
-68.24682
-825.72253
57.99773
-49.60771
-1244.1738
27.157396
68.42584
-414.37354
40.931206
109.71829
-839.24243
124.635124
99.60112
-1257.6521
89.54912
-164.779
8.536693
2.3816083E-5
-510.68756
15.694762
-99.478714
-603.42773
311.83032
-211.74173
164.779
-8.536666
-2.3816083E-5
508.28168
15.464414
-105.02324
589.7219
335.17746
-97.876915
12.785638
239.01147
17.608074
-11.64012
-224.68065
-2.8481038
-110.00889
-404.60764
-48.12352
-74.580666
-827.47595
47.543594
-34.09363
-1245.5171
49.075523
67.97232
-414.67688
37.935284
113.51329
-838.0292
126.951126
97.606384
-1256.976
101.83984
-164.81871
7.7326164
-6.804595E-6
-508.48065
25.469814
-105.74439
-593.6381
330.6016
-198.17163
164.81871
-7.7326164
6.804595E-6
510.1167
24.234852
-96.68182
588.9556
344.1563
-78.387276
11.116834
239.43631
12.11076
-10.544541
-224.75177
0.6698113
-108.19124
-405.36746
-43.410744
-68.16583
-826.3923
58.378647
-42.970024
-1245.2823
41.16637
69.67342
-413.5061
45.80154
116.99838
-837.08093
132.8055
98.236115
-1255.7274
104.821884
-164.8321
7.441583
1.02068925E-5
-511.09503
34.75249
-94.636566
-592.7611
341.22128
-185.78226
164.83212
-7.4415307
-6.804595E-6
510.69174
32.14353
-91.72863
590.3293
351.82977
-72.79295
10.588321
239.33647
14.350763
-10.147662
-224.77031
-0.57932836
-107.437546
-405.54218
-44.808514
-68.19786
-828.27814
49.951878
-49.02695
-1247.3372
29.409967
70.5334
-413.7522
42.73828
117.443405
-838.1054
126.09783
96.666275
-1256.3645
94.04211
-164.83429
7.392836
6.8045947E-6
-512.60803
41.119064
-86.69456
-594.05066
351.37366
-164.21356
164.83429
-7.392838
-1.701149E-5
510.41602
37.819706
-90.161545
589.7027
357.4082
-68.32515
10.313192
239.30768
15.015889
-10.081205
-224.77313
-0.63544
-107.427246
-405.78833
-43.73134
-69.15902
-828.4055
51.95173
-49.745354
-1247.3513
29.423477
70.75101
-413.96716
41.45695
113.122986
-839.4228
121.56387
99.60675
-1258.4197
95.89553
-164.83554
7.365281
0.0
-515.53076
33.131573
-77.12938
-595.6472
339.7224
-169.23474
164.83554
-7.3652825
-6.8045965E-6
509.7263
30.730902
-95.91163
595.8695
349.05652
-83.74043
10.681843
239.19785
16.440529
-10.043582
-224.77312
-1.0846546
-107.38862
-405.8734
-43.823727
-68.96113
-828.6034
51.29558
-48.225243
-1247.6735
32.580498
70.898834
-414.15497
39.937798
113.47339
-840.32684
116.029335
102.253044
-1259.7275
96.61028
-164.83554
7.365281
0.0
-515.53076
33.131573
-77.12938
-595.6472
339.7224
-169.23474
164.83554
-7.3652825
-6.8045965E-6
509.7263
30.730902
-95.91163
595.8695
349.05652
-83.74043
10.681843
239.19785
16.440529
-10.043582
-224.77312
-1.0846546
-107.38862
-405.8734
-43.823727
-68.96113
-828.6034
51.29558
-48.225243
-1247.6735
32.580498
70.898834
-414.15497
39.937798
113.47339
-840.32684
116.029335
102.253044
-1259.7275
96.61028
-164.85011
7.03126
1.3609192E-5
-516.7315
-6.5700126
-74.79632
-603.49554
284.96756
-202.77231
164.85011
-7.031259
-1.0206894E-5
507.8009
-7.4698715
-109.47398
616.9922
303.57535
-124.57839
10.633664
239.48726
11.52273
-9.587483
-224.7789
2.7436156
-106.991936
-406.77692
-35.84511
-70.63252
-830.92944
53.58411
-44.803
-1249.8483
38.097725
71.62535
-413.61804
45.68831
113.565674
-838.4084
129.46887
102.059875
-1256.5952
92.22064
-164.85011
7.03126
1.3609192E-5
-516.7315
-6.5700126
-74.79632
-603.49554
284.96756
-202.77231
164.85011
-7.031259
-1.0206894E-5
507.8009
-7.4698715
-109.47398
616.9922
303.57535
-124.57839
10.633664
239.48726
11.52273
-9.587483
-224.7789
2.7436156
-106.991936
-406.77692
-35.84511
-70.63252
-830.92944
53.58411
-44.803
-1249.8483
38.097725
71.62535
-413.61804
45.68831
113.565674
-838.4084
129.46887
102.059875
-1256.5952
92.22064
-164.86366
6.7063737
-1.02068925E-5
-512.7465
-41.021534
-79.369774
-614.0741
233.39653
-232.10306
164.86365
-6.7063737
6.804595E-6
501.04272
-43.049107
-123.542854
625.336
260.2807
-161.5192
10.320988
239.53436
10.805687
-9.144155
-224.78955
3.3230193
-106.35848
-407.30423
-33.25239
-68.91492
-829.1005
66.30101
-46.485138
-1247.0875
31.894955
72.52474
-413.6724
45.197388
113.876564
-836.81995
137.18198
99.68049
-1253.5978
87.235275
-164.87526
6.4144797
6.804595E-6
-493.7716
-117.53126
-77.87595
-633.28217
97.18734
-286.0411
164.87527
-6.4144535
-3.4022976E-6
475.53882
-130.20555
-133.28142
654.38043
118.64992
-255.70132
10.531513
239.53925
10.489737
-8.744878
-224.77303
5.061411
-105.79989
-407.72104
-29.728598
-68.51129
-830.5637
65.34311
-49.38903
-1248.8531
32.65792
73.19693
-413.31412
47.930916
116.71497
-837.2604
135.11304
101.010574
-1255.0996
95.56824
-164.87526
6.4144797
6.804595E-6
-493.7716
-117.53126
-77.87595
-633.28217
97.18734
-286.0411
164.87527
-6.4144535
-3.4022976E-6
475.53882
-130.20555
-133.28142
654.38043
118.64992
-255.70132
10.531513
239.53925
10.489737
-8.744878
-224.77303
5.061411
-105.79989
-407.72104
-29.728598
-68.51129
-830.5637
65.34311
-49.38903
-1248.8531
32.65792
73.19693
-413.31412
47.930916
116.71497
-837.2604
135.11304
101.010574
-1255.0996
95.56824
-164.8695
6.560629
1.360919E-5
-481.2687
-149.2887
-72.12842
-632.5625
11.171799
-317.61285
164.8695
-6.560655
-1.360919E-5
454.7364
-177.80946
-127.47955
655.4494
24.891373
-293.39117
11.821469
239.10652
16.980244
-8.9461565
-224.8144
1.8577234
-106.00852
-407.46094
-34.462173
-67.87233
-828.4313
68.273415
-47.360977
-1245.8123
26.173721
73.079575
-414.09668
41.15147
112.96791
-838.9613
125.55524
114.83316
-1257.77
93.99893
-164.88043
6.280542
-1.3609192E-5
-438.70374
-216.85681
-69.501854
-599.66046
-195.92274
-356.8252
164.88043
-6.280542
1.3609192E-5
398.43872
-252.47667
-120.15822
614.8312
-176.11035
-357.31323
10.863394
239.07924
17.975132
-8.564481
-224.83665
0.35784134
-105.11034
-407.27045
-38.330723
-66.96887
-829.1135
60.75842
-48.129337
-1246.7684
20.640495
73.780205
-413.9875
39.61746
114.85756
-838.75
123.964645
102.44534
-1257.4401
93.23062
-164.88043
6.280542
-1.3609192E-5
-438.70374
-216.85681
-69.501854
-599.66046
-195.92274
-356.8252
164.88043
-6.280542
1.3609192E-5
398.43872
-252.47667
-120.15822
614.8312
-176.11035
-357.31323
10.863394
239.07924
17.975132
-8.564481
-224.83665
0.35784134
-105.11034
-407.27045
-38.330723
-66.96887
-829.1135
60.75842
-48.129337
-1246.7684
20.640495
73.780205
-413.9875
39.61746
114.85756
-838.75
123.964645
102.44534
-1257.4401
93.23062
-164.93379
4.6738005
1.360919E-5
-410.57422
-252.20392
-57.22441
-572.3179
-293.41476
-341.90082
164.93379
-4.673827
-1.7011489E-5
367.6985
-278.71384
-115.708954
573.76074
-255.34497
-372.40378
7.1617603
239.5402
13.007582
-6.3728056
-224.88484
3.3459044
-101.43458
-408.80438
-31.82307
-67.0956
-830.9006
67.57843
-42.537285
-1248.9819
35.879356
77.72047
-412.9967
43.870422
117.30249
-837.64575
129.49434
104.711365
-1256.0746
95.45359
-164.95642
3.791929
1.7011489E-5
-353.4117
-299.81448
-43.67755
-482.7986
-463.16605
-299.55896
164.95642
-3.7919295
-2.0413789E-5
300.56622
-326.26334
-84.98329
470.1798
-437.226
-345.40314
6.6095624
239.30118
17.066319
-5.170918
-224.93968
0.6354642
-99.144684
-409.20993
-35.605484
-69.47855
-832.8622
58.541885
-49.128998
-1251.0087
24.786736
80.161224
-413.1684
37.89654
113.743355
-838.00696
125.128586
97.10942
-1255.4451
81.899055
-164.95642
3.791929
1.7011489E-5
-353.4117
-299.81448
-43.67755
-482.7986
-463.16605
-299.55896
164.95642
-3.7919295
-2.0413789E-5
300.56622
-326.26334
-84.98329
470.1798
-437.226
-345.40314
6.6095624
239.30118
17.066319
-5.170918
-224.93968
0.6354642
-99.144684
-409.20993
-35.605484
-69.47855
-832.8622
58.541885
-49.128998
-1251.0087
24.786736
80.161224
-413.1684
37.89654
113.743355
-838.00696
125.128586
97.10942
-1255.4451
81.899055
-164.98361
2.3249564
-1.7011489E-5
-283.2439
-334.772
-44.49883
-359.9294
-577.4319
-254.58334
164.98361
-2.3249826
1.360919E-5
252.3372
-346.78168
-57.61003
363.89343
-587.3411
-254.04414
5.0051174
239.7157
10.551414
-3.1696596
-224.91754
5.2013545
-95.609795
-410.174
-29.93935
-69.25022
-833.6205
66.09851
-45.933758
-1251.8558
35.511353
83.34817
-411.27252
48.635006
116.41824
-835.5985
138.51712
96.037315
-1252.4141
91.08924
-164.98677
2.0892801
1.02068925E-5
-263.45453
-342.17392
-37.241467
-315.75653
-617.5153
-211.45859
164.98677
-2.0893064
-1.3609192E-5
236.62411
-351.39362
-49.543724
306.46823
-633.67126
-205.56009
4.938175
239.791
8.711395
-2.8480997
-224.90076
6.0445395
-95.10532
-410.44928
-28.019459
-67.04739
-832.7583
72.44347
-46.13009
-1250.565
35.026104
83.91267
-411.07764
49.75651
113.815056
-836.3684
136.11966
99.40697
-1254.0691
94.66497
-164.98677
2.0892801
1.02068925E-5
-263.45453
-342.17392
-37.241467
-315.75653
-617.5153
-211.45859
164.98677
-2.0893064
-1.3609192E-5
236.62411
-351.39362
-49.543724
306.46823
-633.67126
-205.56009
4.938175
239.791
8.711395
-2.8480997
-224.90076
6.0445395
-95.10532
-410.44928
-28.019459
-67.04739
-832.7583
72.44347
-46.13009
-1250.565
35.026104
83.91267
-411.07764
49.75651
113.815056
-836.3684
136.11966
99.40697
-1254.0691
94.66497
-164.9906
1.7601653
1.3609193E-5
-241.09697
-348.08734
-37.61032
-268.62878
-643.9053
-181.25479
164.9906
-1.7601389
-1.0206894E-5
232.19073
-353.30634
-38.72214
271.2929
-659.51746
-155.36584
4.445372
239.81337
8.353582
-2.399419
-224.90474
6.0913534
-94.24299
-410.55255
-28.544529
-66.2157
-831.9999
75.482666
-45.992332
-1248.8043
27.889782
84.67395
-410.78638
50.433826
113.70326
-835.951
137.71127
99.173805
-1253.5294
95.082565
-164.98389
2.3063629
2.0413785E-5
-222.57521
-352.34656
-22.46208
-216.19775
-662.96545
-133.70622
164.98389
-2.3063629
-2.0413785E-5
215.00647
-358.58173
-12.868736
231.91663
-676.81775
-98.541756
5.3879037
239.52513
14.095464
-3.1449482
-224.96402
2.5109015
-95.386444
-409.91412
-34.704353
-68.28265
-831.42084
69.3267
-48.554714
-1249.4584
33.894928
83.56983
-411.72992
43.73035
114.895454
-834.8633
139.65675
95.801025
-1252.328
97.72072
-164.98389
2.3063629
2.0413785E-5
-222.57521
-352.34656
-22.46208
-216.19775
-662.96545
-133.70622
164.98389
-2.3063629
-2.0413785E-5
215.00647
-358.58173
-12.868736
231.91663
-676.81775
-98.541756
5.3879037
239.52513
14.095464
-3.1449482
-224.96402
2.5109015
-95.386444
-409.91412
-34.704353
-68.28265
-831.42084
69.3267
-48.554714
-1249.4584
33.894928
83.56983
-411.72992
43.73035
114.895454
-834.8633
139.65675
95.801025
-1252.328
97.72072
-164.97215
3.030996
-3.4022976E-6
-200.23701
-354.93057
-14.829237
-195.03761
-669.3642
-114.85149
164.97215
-3.0309963
0.0
207.1831
-360.45773
8.023434
216.528
-680.13916
-73.31801
6.388886
238.89392
22.110394
-4.132774
-224.93602
-3.4210737
-96.72685
-408.60303
-45.762127
-67.90574
-830.4397
56.45431
-44.031487
-1248.9614
30.577765
82.08873
-412.83197
33.47016
116.90126
-835.7399
129.1883
102.215904
-1254.4758
100.126625
-164.96906
3.1957834
1.0206896E-5
-195.67401
-355.42078
-7.1672683
-189.82378
-668.1261
-112.43435
164.96906
-3.1957827
-6.804595E-6
206.37569
-360.57227
12.943264
217.00491
-680.04034
-69.07593
5.7822
238.76976
23.57058
-4.3568935
-224.90088
-5.0607624
-96.96852
-408.1433
-49.166367
-73.40686
-829.5946
55.94596
-31.177467
-1246.9303
34.79042
81.739815
-413.01642
30.993406
117.078
-835.45325
128.5811
98.9597
-1253.6873
94.64038
-164.99806
-0.12198143
-0.7886948
-196.92119
-358.65216
-6.872313
-192.24886
-670.68164
-114.18388
164.88687
-6.059477
-0.7755175
207.27083
-362.92746
20.41018
221.70927
-681.6824
-63.773064
5.9565988
238.76947
23.530014
-2.596415
-224.96295
-3.1506317
-94.90349
-408.17023
-48.033817
-68.480995
-829.48553
56.94356
-25.905815
-1247.218
47.61811
83.61102
-412.7334
34.406624
117.97081
-836.31433
127.270035
105.279305
-1255.3923
102.519394
-164.96591
3.3537815
-6.8045947E-6
-197.49023
-355.16763
-2.138377
-192.45815
-666.7023
-110.8621
164.96591
-3.3537817
6.804595E-6
202.6293
-360.50497
24.989967
217.68477
-678.0372
-63.591125
6.189312
237.99075
30.366028
-4.569455
-224.75702
-9.4024105
-97.03091
-407.14426
-57.21221
-67.96785
-826.75085
53.740944
-41.89691
-1245.0342
26.184973
81.61904
-413.4143
23.46047
117.11827
-836.53845
117.96323
101.83634
-1255.0435
86.024925
-164.97221
3.0279393
3.4022974E-6
-201.05322
-355.07996
-7.5417547
-199.94885
-667.0074
-115.245255
164.97221
-3.0279398
-6.804596E-6
206.60335
-359.75348
24.774183
228.85936
-677.098
-62.958916
5.7444754
238.38406
27.203636
-4.1267376
-224.83182
-7.6566086
-96.33473
-407.67883
-54.18241
-70.0799
-828.5714
52.51879
-42.97149
-1247.5737
42.410187
82.30598
-413.11078
26.700745
116.39391
-835.37866
125.45737
104.17297
-1254.1409
95.64331
-164.97221
3.0279393
3.4022974E-6
-201.05322
-355.07996
-7.5417547
-199.94885
-667.0074
-115.245255
164.97221
-3.0279398
-6.804596E-6
206.60335
-359.75348
24.774183
228.85936
-677.098
-62.958916
5.7444754
238.38406
27.203636
-4.1267376
-224.83182
-7.6566086
-96.33473
-407.67883
-54.18241
-70.0799
-828.5714
52.51879
-42.97149
-1247.5737
42.410187
82.30598
-413.11078
26.700745
116.39391
-835.37866
125.45737
104.17297
-1254.1409
95.64331
-164.9734
2.9619894
6.804595E-6
-192.07191
-355.5286
-18.713158
-193.70848
-666.66113
-128.68541
164.97342
-2.9619894
-3.4022976E-6
208.12292
-359.71317
21.603601
231.13107
-676.0977
-69.343956
5.7495418
238.5328
25.86579
-4.0375605
-224.87312
-6.386315
-96.25276
-407.95438
-51.967117
-64.0702
-825.8163
64.56918
-46.495888
-1244.4535
35.68993
82.37908
-412.96002
29.046558
117.44513
-834.14197
132.00848
104.45604
-1251.8204
89.86597
-164.97017
3.1374023
1.0206892E-5
-203.728
-353.83325
-25.880175
-211.9306
-662.09607
-143.38225
164.97017
-3.1374028
-1.360919E-5
209.05421
-360.07462
15.887363
245.51767
-668.9933
-94.29274
6.56349
238.62698
24.78064
-4.2771025
-224.89236
-5.489843
-96.83803
-408.2057
-49.406933
-66.53575
-827.162
63.652386
-43.50084
-1245.8389
39.59027
81.94541
-413.11768
29.679838
117.08827
-835.5264
127.45937
102.29022
-1253.7837
92.21886
-164.97017
3.1374023
1.0206892E-5
-203.728
-353.83325
-25.880175
-211.9306
-662.09607
-143.38225
164.97017
-3.1374028
-1.360919E-5
209.05421
-360.07462
15.887363
245.51767
-668.9933
-94.29274
6.56349
238.62698
24.78064
-4.2771025
-224.89236
-5.489843
-96.83803
-408.2057
-49.406933
-66.53575
-827.162
63.652386
-43.50084
-1245.8389
39.59027
81.94541
-413.11768
29.679838
117.08827
-835.5264
127.45937
102.29022
-1253.7837
92.21886
-164.98276
2.385095
1.360919E-5
-204.43564
-353.99353
-32.21422
-214.16405
-652.704
-172.13351
164.98276
-2.385095
-1.3609189E-5
199.08215
-360.75925
2.2773092
255.31847
-656.2321
-133.49185
4.369383
239.51003
14.692157
-3.2524214
-224.97067
1.61817
-95.768135
-410.30612
-32.901592
-68.50729
-830.9066
74.69502
-47.05152
-1248.9854
40.786594
83.67737
-412.49414
38.741825
115.21422
-837.9093
123.90254
96.93207
-1256.7539
98.70468
-164.97464
2.892804
6.804595E-6
-211.96936
-352.66107
-31.192167
-220.87265
-649.27246
-175.56128
164.97464
-2.892856
-3.4022971E-6
207.91591
-360.3174
1.9330074
263.33716
-651.4575
-143.20804
6.0670066
239.10544
19.7934
-3.9447446
-224.95782
-1.8487968
-96.93511
-409.81503
-37.634293
-71.21944
-832.1083
63.519592
-50.01001
-1250.3981
32.153778
82.71387
-413.4107
30.950546
112.41263
-839.6732
112.456604
93.62855
-1258.8867
94.92913
-164.97238
3.0196435
-1.7011489E-5
-206.0089
-352.73477
-36.80741
-223.6526
-649.1594
-180.75586
164.97237
-3.0196698
1.3609192E-5
209.03813
-360.25964
-6.1499844
269.45996
-652.8716
-146.248
6.4205656
239.42863
15.254613
-4.117752
-224.95824
1.352533
-97.51494
-410.24835
-30.966837
-70.99368
-831.50446
74.22308
-48.68267
-1249.7439
42.951126
82.2887
-413.2216
35.86101
110.58479
-837.68164
126.7345
104.27407
-1257.1768
107.137985
-164.97212
3.032441
6.8045942E-6
-203.23177
-352.33023
-43.053215
-222.71912
-644.387
-195.44437
164.97214
-3.032415
-1.02068925E-5
214.08426
-359.6553
-2.8498592
279.59644
-647.24097
-150.84523
6.543434
239.56044
12.960527
-4.134876
-224.94125
3.0544953
-97.5965
-410.30347
-28.659384
-68.07615
-831.7892
74.79762
-50.999153
-1249.9606
39.56842
82.11172
-412.87317
39.703136
112.282585
-837.3516
129.88487
105.02113
-1256.6324
106.41456
-164.97638
2.7924316
1.3609192E-5
-201.9573
-352.3509
-45.8871
-216.41873
-638.6278
-209.39981
164.97638
-2.792431
-6.8045947E-6
213.07605
-359.52295
-5.4538693
288.45453
-638.5437
-164.71938
6.1214514
239.7147
9.9693165
-3.807127
-224.91696
4.782099
-97.129814
-410.6436
-25.159458
-72.45477
-831.6006
81.66434
-49.385124
-1249.1548
42.72499
82.64847
-412.54984
42.456207
114.232025
-836.57983
134.2494
101.62431
-1254.6531
96.09349
-164.97638
2.7924316
1.3609192E-5
-201.9573
-352.3509
-45.8871
-216.41873
-638.6278
-209.39981
164.97638
-2.792431
-6.8045947E-6
213.07605
-359.52295
-5.4538693
288.45453
-638.5437
-164.71938
6.1214514
239.7147
9.9693165
-3.807127
-224.91696
4.782099
-97.129814
-410.6436
-25.159458
-72.45477
-831.6006
81.66434
-49.385124
-1249.1548
42.72499
82.64847
-412.54984
42.456207
114.232025
-836.57983
134.2494
101.62431
-1254.6531
96.09349
-164.98267
2.3904958
3.4022976E-6
-214.85602
-352.68564
-32.149338
-223.70058
-639.45874
-195.1922
164.9827
-2.390496
-5.103448E-6
210.58612
-359.303
-11.5671625
279.93512
-634.4193
-180.0954
4.612151
239.62575
12.578936
-3.2596362
-224.95981
2.7303832
-96.242546
-411.17267
-25.17937
-75.618645
-833.46387
77.14252
-43.423214
-1251.0856
46.23059
84.017494
-413.20288
35.09143
114.96766
-836.7897
129.1197
98.46074
-1254.8906
92.80083
-164.98715
2.0597343
1.7011488E-6
-217.15298
-353.0759
-27.52101
-221.91762
-639.8373
-190.75455
164.98715
-2.0596821
-5.103448E-6
213.82114
-358.3298
-16.936531
277.28116
-640.2428
-176.30362
4.364917
239.37033
16.816452
-2.808784
-224.9819
0.50074685
-95.35537
-411.29944
-28.150906
-77.764534
-835.20703
67.85886
-49.03701
-1252.6948
32.100525
85.009254
-413.44812
29.970596
108.301
-838.42633
119.83725
98.18501
-1256.4326
80.23397
-164.962
3.3726914
-1.0781225
-215.06558
-351.95148
-29.963615
-221.6023
-640.1957
-190.50189
164.99596
-0.4175969
-1.0774902
213.14365
-356.8372
-16.789425
278.69635
-637.57605
-177.37761
4.3240314
239.03497
21.061337
-2.528846
-224.98463
-0.72499466
-94.76359
-411.1401
-31.366293
-76.36623
-834.31934
67.65818
-52.982735
-1251.5764
25.828342
85.58548
-413.59314
26.892107
106.272865
-838.5459
117.51319
98.28478
-1257.1228
83.90335
-164.97295
2.9876955
5.1034463E-6
-213.89061
-352.46338
-29.352972
-218.69896
-642.5212
-186.65315
164.97295
-2.9876955
-3.4022974E-6
216.91231
-358.97794
-13.163009
285.87326
-642.8496
-166.65971
6.290904
239.51675
13.861617
-4.074062
-224.95343
2.086528
-97.70681
-410.76605
-26.31395
-80.59116
-834.38965
71.02609
-56.928284
-1252.8807
44.468513
82.56349
-413.58682
33.88881
101.03289
-839.0309
122.66495
97.828064
-1258.7007
106.32385
-164.97295
2.9876955
5.1034463E-6
-213.89061
-352.46338
-29.352972
-218.69896
-642.5212
-186.65315
164.97295
-2.9876955
-3.4022974E-6
216.91231
-358.97794
-13.163009
285.87326
-642.8496
-166.65971
6.290904
239.51675
13.861617
-4.074062
-224.95343
2.086528
-97.70681
-410.76605
-26.31395
-80.59116
-834.38965
71.02609
-56.928284
-1252.8807
44.468513
82.56349
-413.58682
33.88881
101.03289
-839.0309
122.66495
97.828064
-1258.7007
106.32385
-164.95648
3.7895925
-3.4022976E-6
-209.89146
-352.51736
-25.02393
-215.1952
-643.1919
-181.16545
164.95647
-3.7895925
0.0
217.56903
-359.83
-8.195434
282.43805
-646.241
-158.73024
6.9678574
239.199
18.310738
-5.16765
-224.93767
-1.158626
-99.53867
-410.00763
-31.87036
-80.06113
-834.3555
61.801765
-51.25438
-1252.5599
35.81672
80.71663
-414.39273
27.662758
106.16254
-839.6858
115.43147
95.29823
-1258.7218
89.14822
-164.94244
4.3581157
-1.7011488E-6
-213.09433
-352.09695
-14.872549
-212.89523
-642.79407
-171.06201
164.94244
-4.3580894
5.103447E-6
212.56262
-361.17606
-3.643402
271.81473
-652.6354
-146.61426
7.7256713
238.9423
21.139803
-5.9426527
-224.90918
-2.3544915
-100.8159
-409.4182
-34.842445
-74.0365
-829.5001
74.88027
-51.04055
-1247.3068
38.703445
79.2859
-414.68564
26.298326
108.865585
-839.7945
113.662506
98.27838
-1259.3354
97.13136
-164.94244
4.3581157
-1.7011488E-6
-213.09433
-352.09695
-14.872549
-212.89523
-642.79407
-171.06201
164.94244
-4.3580894
5.103447E-6
212.56262
-361.17606
-3.643402
271.81473
-652.6354
-146.61426
7.7256713
238.9423
21.139803
-5.9426527
-224.90918
-2.3544915
-100.8159
-409.4182
-34.842445
-74.0365
-829.5001
74.88027
-51.04055
-1247.3068
38.703445
79.2859
-414.68564
26.298326
108.865585
-839.7945
113.662506
98.27838
-1259.3354
97.13136
-164.9678
3.2589862
2.2114937E-5
-212.32994
-353.2086
-16.962152
-211.42627
-643.39856
-174.08936
164.9678
-3.258986
-2.0413783E-5
205.45886
-360.93393
-5.3946395
265.9831
-652.59326
-147.42166
6.01509
239.41487
15.631193
-4.4441547
-224.954
0.97361517
-98.268425
-410.4256
-28.98116
-71.85707
-831.2682
77.87822
-53.688927
-1249.5354
44.374363
81.88392
-413.7732
32.51363
109.30491
-839.53143
117.38422
100.197556
-1259.3843
111.01262
-164.97673
2.7709427
-2.0413789E-5
-207.69716
-354.15134
-19.530882
-203.68198
-646.04376
-173.4227
164.97673
-2.770916
2.2114935E-5
201.63538
-360.7948
-8.661203
259.05087
-657.6856
-140.79486
5.900426
239.57433
13.012482
-3.7783532
-224.95244
2.6690369
-97.14049
-410.8651
-25.966389
-72.04658
-831.59375
81.656586
-56.10087
-1248.5057
33.384968
83.01792
-413.3103
35.64961
106.90195
-839.3341
120.25627
99.34561
-1259.1879
112.150894
-164.98236
2.4126515
-3.062068E-5
-204.67227
-354.9786
-17.210337
-204.33693
-645.62427
-173.49521
164.98236
-2.412651
3.5724122E-5
201.87503
-360.26065
-13.555472
259.67865
-655.8662
-148.37418
5.89145
239.68289
10.835019
-3.2893786
-224.92818
4.636572
-96.46256
-411.44092
-20.498327
-72.381485
-831.0248
91.726715
-53.458977
-1247.6235
41.852196
83.94674
-413.12952
37.349174
109.93071
-837.29584
130.26184
96.37822
-1255.9022
98.87606
-164.9858
2.1654615
-3.5724126E-5
-204.87935
-355.12253
-18.809391
-203.41872
-646.2633
-174.16354
164.9858
-2.1654873
3.7425274E-5
202.03601
-360.09708
-10.595937
261.48956
-654.1096
-148.15282
5.0116863
239.78218
8.910026
-2.9520583
-224.90839
5.700979
-95.84327
-411.54608
-19.549784
-72.09347
-832.8336
86.17529
-54.674343
-1249.6792
37.839954
84.44403
-412.70685
40.25054
109.15845
-838.36255
126.45617
97.61668
-1257.4729
101.69067
-164.98653
2.1082447
1.7011489E-5
-211.27261
-354.69226
-12.288356
-212.42267
-647.78406
-163.93233
164.98653
-2.1082182
-1.7011489E-5
200.07538
-360.31448
-7.552253
252.4928
-662.3129
-129.81978
5.806985
239.22476
18.379045
-2.8749652
-224.98143
-0.3103857
-95.48336
-411.27936
-28.889404
-75.91938
-833.40686
74.312645
-58.764
-1249.629
20.788586
84.971924
-413.64764
27.760757
106.37913
-838.986
116.38356
94.236404
-1257.3104
80.92558
-164.98653
2.1082447
1.7011489E-5
-211.27261
-354.69226
-12.288356
-212.42267
-647.78406
-163.93233
164.98653
-2.1082182
-1.7011489E-5
200.07538
-360.31448
-7.552253
252.4928
-662.3129
-129.81978
5.806985
239.22476
18.379045
-2.8749652
-224.98143
-0.3103857
-95.48336
-411.27936
-28.889404
-75.91938
-833.40686
74.312645
-58.764
-1249.629
20.788586
84.971924
-413.64764
27.760757
106.37913
-838.986
116.38356
94.236404
-1257.3104
80.92558
-164.98685
2.0837386
-2.5517233E-5
-210.79633
-354.79776
-11.708758
-211.21107
-647.171
-164.73727
164.98685
-2.083686
2.5517233E-5
199.37901
-360.4368
-0.46707633
252.46352
-661.2079
-125.4422
6.0212803
239.11162
19.732584
-2.8414829
-224.97887
-1.1958016
-95.24002
-410.93414
-32.551037
-74.49964
-833.0736
70.37189
-55.907944
-1249.7677
21.174664
84.95141
-413.46667
28.21088
104.77464
-839.1725
115.42673
95.93627
-1257.914
84.16185
-164.98563
2.1781225
-3.4022976E-6
-214.56696
-354.25436
-9.877245
-214.98473
-648.4404
-159.3911
164.98563
-2.1780968
1.7011491E-6
195.09338
-360.91684
0.18768406
253.38014
-661.9547
-121.79118
6.0013003
239.14297
19.355055
-2.970223
-224.97798
-1.0439374
-95.463486
-410.87555
-32.461792
-75.42317
-831.8082
75.42255
-51.901634
-1248.7341
30.482983
84.68865
-413.47943
28.673473
107.011086
-838.6662
117.79645
99.957054
-1257.9851
94.953
-164.98354
2.3310175
1.531034E-5
-209.69122
-354.75284
-9.608672
-212.5841
-646.76733
-163.29395
164.98354
-2.331017
-1.360919E-5
203.11221
-360.2839
-3.9912586
266.82117
-656.9922
-133.62671
6.1356773
238.98163
21.216383
-3.178673
-224.97038
-1.7952666
-95.958305
-411.0086
-31.48924
-74.9893
-831.58026
77.61985
-53.558304
-1248.2661
29.519695
84.47555
-413.9171
24.960413
110.929634
-835.7483
127.83713
93.86358
-1253.1134
84.07555
-164.98497
2.2263188
-5.103447E-6
-210.28589
-354.81998
-8.1102
-214.31581
-645.532
-164.22005
164.98497
-2.2263188
5.103447E-6
199.15746
-360.5912
-2.620252
259.94293
-657.45734
-133.29396
5.623613
238.98276
21.345055
-3.0358686
-224.9706
-2.004751
-95.74853
-411.1681
-30.898796
-72.852295
-830.8833
81.08294
-53.42211
-1247.6675
32.98536
84.79999
-413.9922
23.601997
109.7047
-836.0353
125.99522
98.221695
-1254.398
90.76933
-164.98518
2.2111807
-3.2321826E-5
-208.26036
-355.05048
-9.558313
-213.33052
-646.44507
-164.35977
164.98518
-2.2111812
3.0620686E-5
194.53835
-360.95587
-5.371396
255.20657
-658.56116
-134.40805
5.751302
238.8971
22.250896
-3.0151925
-224.96815
-2.2879143
-95.72958
-411.21002
-30.88884
-71.72164
-830.6975
81.71177
-56.950596
-1246.6063
25.128662
84.877625
-414.06482
22.557701
107.96732
-836.58826
123.38336
100.158905
-1255.2922
91.351234
-164.98393
2.3018878
-8.5057445E-6
-208.8093
-354.72852
-14.443656
-210.49536
-645.60645
-170.28703
164.98393
-2.3018618
5.103447E-6
194.03595
-361.11234
-3.3166883
255.02133
-658.63983
-132.38315
6.316644
238.26082
28.140413
-3.1377702
-224.88698
-6.4033403
-95.65971
-410.39682
-39.95607
-72.27249
-830.1218
71.88719
-55.946632
-1246.3108
17.848362
84.77321
-414.19946
16.671371
112.13597
-836.6177
116.8667
96.91184
-1255.1696
85.52151
-164.99876
0.63593733
-2.2114931E-5
-206.68286
-356.52057
-17.368986
-212.43745
-645.44336
-176.71304
164.99876
-0.63593733
2.2114931E-5
195.53023
-359.33444
-1.7898283
259.9106
-656.7233
-129.52007
3.681689
238.86147
23.05726
-0.8671947
-224.97621
-3.154357
-91.68715
-411.81598
-33.85673
-69.39435
-829.79083
84.570755
-50.814922
-1246.4393
34.983974
88.80995
-413.14044
22.38448
110.82776
-836.85657
118.32655
102.00229
-1255.8625
90.828804
-164.99977
-0.2802942
1.0206894E-5
-208.405
-357.52682
-9.535665
-215.98737
-644.5636
-172.17754
164.99977
0.2802942
-1.0206894E-5
197.99226
-358.1989
-2.0358956
261.51794
-656.0456
-129.1258
2.3599916
238.288
28.517824
0.38199365
-224.91145
-6.300164
-89.38727
-412.15894
-37.602966
-72.915634
-831.5994
76.516975
-50.14501
-1247.9448
26.138088
91.35206
-413.0218
14.651141
106.99529
-838.46967
103.95056
105.32783
-1258.2211
89.5992
-164.99821
-0.76711994
8.5057445E-6
-208.16605
-357.98755
-11.406446
-218.52989
-646.95557
-170.43506
164.99821
0.76712
-1.0206895E-5
191.73553
-358.2137
-4.228325
252.68323
-655.1578
-134.6492
1.9726217
238.09363
30.125359
1.0454234
-224.87987
-7.2770443
-88.11214
-412.26276
-39.504105
-72.65643
-832.15186
73.0983
-50.067574
-1249.2184
28.993763
92.60131
-412.78018
12.995947
107.90562
-836.1272
111.82966
104.778114
-1255.5298
89.65518
-164.99623
-1.1161842
-1.360919E-5
-208.50194
-358.32266
-10.52568
-224.29843
-648.25684
-167.33339
164.99623
1.1162105
1.360919E-5
193.16049
-357.73553
-5.672845
248.30429
-655.36926
-137.1009
1.6934764
237.96106
31.171574
1.5210245
-224.85364
-7.970741
-87.29085
-412.50824
-39.5649
-75.32905
-833.4851
69.34071
-52.685936
-1250.136
21.493134
93.55698
-412.70502
10.501644
104.057465
-835.511
112.23569
103.49588
-1254.3835
81.48636
-164.96869
-3.2145321
-1.8712637E-5
-206.36621
-360.68283
-10.132386
-226.47627
-650.8862
-165.94499
164.96867
3.2145581
1.8712635E-5
189.07559
-355.75665
-12.58994
242.14621
-655.3275
-140.42113
-1.202341
238.79321
24.007286
4.383026
-224.93918
-2.8549786
-82.33387
-414.4265
-28.8306
-73.19806
-834.1129
85.20828
-46.61711
-1250.3418
35.741436
98.65645
-411.38043
18.409603
103.62882
-835.25934
116.01573
108.80496
-1254.4146
89.89726
-164.94972
-4.0733
5.1034476E-6
-208.74391
-361.20895
-11.670183
-231.80249
-653.8433
-162.44627
164.94972
4.0733256
-3.4022976E-6
185.53348
-355.07455
-13.751859
237.20428
-654.20575
-143.17621
-1.5146676
239.01169
21.70521
5.554378
-224.92995
-0.8157381
-80.26486
-415.12857
-24.470499
-80.01772
-837.19464
80.81579
-40.168896
-1253.1431
38.401127
100.72438
-410.79297
21.491518
102.110016
-835.7249
114.52884
106.80383
-1255.1293
92.666306
-164.9516
-3.996612
2.5517234E-5
-213.27188
-360.72235
-3.449993
-232.79779
-649.1961
-162.51482
164.9516
3.9965856
-2.5517234E-5
186.5205
-355.11746
-13.110489
236.45361
-654.0417
-143.68994
-1.4578117
238.59886
25.854683
5.448983
-224.89923
-3.955697
-80.41715
-414.90973
-28.916054
-85.22337
-838.4462
70.17351
-47.256454
-1254.1619
23.923931
100.725975
-411.1336
14.457471
98.48312
-835.85065
108.454216
100.88182
-1255.1436
84.21176
-164.91853
-5.1843247
-1.701149E-6
-211.06253
-362.21176
-1.4631661
-230.82434
-649.55664
-162.52957
164.91853
5.1843495
3.4022976E-6
185.36702
-353.9638
-13.944376
235.80461
-651.02124
-148.52867
-2.5572784
238.99513
21.789623
7.0694313
-224.88776
-0.7237389
-77.51602
-415.75446
-23.421915
-80.86167
-838.57544
78.73585
-47.028996
-1254.4941
31.122604
103.534485
-410.17725
20.777288
100.82054
-833.7195
119.92147
102.35839
-1252.6733
90.33589
-164.90274
-5.664743
5.1034476E-6
-209.96936
-362.79926
4.891297
-234.63445
-649.68335
-156.32019
164.90274
5.664743
-5.103447E-6
186.97127
-353.02908
-21.2534
232.32494
-649.7671
-158.32858
-4.169529
239.19354
19.211262
7.724512
-224.86589
0.81211656
-76.51182
-416.4749
-16.223417
-83.203186
-838.92346
87.301575
-51.46785
-1253.8362
30.377731
104.857834
-410.14148
19.19911
99.433586
-832.9781
121.20305
99.559525
-1250.8043
78.52702
-164.89561
-5.8681893
-8.5057445E-6
-209.8149
-363.0524
-1.3020226
-235.74539
-651.5989
-159.31647
164.89561
5.8682156
8.5057445E-6
192.54669
-352.53192
-19.614944
240.59805
-651.87805
-149.93355
-4.41535
239.3583
16.973602
8.001459
-224.84212
2.6448574
-75.90483
-416.4069
-16.399227
-83.09782
-840.8695
78.49411
-48.329475
-1256.559
29.571144
105.105484
-409.56372
26.06992
99.29601
-833.6553
122.70137
104.916214
-1252.3511
90.110306
-164.89713
-5.8259077
-2.2114931E-5
-208.49968
-363.17557
-0.16303153
-236.56932
-651.24786
-158.67628
164.89713
5.8258824
2.0413785E-5
194.32635
-352.355
-20.984781
241.57921
-653.13824
-148.25072
-5.1406813
239.41432
15.948581
7.9434943
-224.83649
3.2330189
-76.07565
-416.53632
-13.8539505
-83.55239
-840.3274
83.97376
-44.71268
-1254.9385
29.300598
105.04582
-409.67963
25.68635
97.50205
-835.40955
114.69252
103.968155
-1254.302
84.90522
-164.90787
-5.513117
4.082757E-5
-204.91682
-363.28284
0.33096614
-238.72478
-651.1372
-157.4565
164.90787
5.513117
-4.082757E-5
197.18976
-351.95145
-27.874195
240.39597
-653.786
-154.0848
-4.144391
239.48306
15.188359
7.5171676
-224.85492
2.959029
-76.95947
-416.5818
-11.341297
-86.20842
-839.75964
88.95804
-43.959297
-1253.6115
31.150566
104.42721
-410.1618
22.189314
96.76949
-835.9105
111.09613
102.355835
-1254.9402
83.115
-164.91435
-5.31568
3.2321826E-5
-201.3989
-363.45206
-2.6840541
-236.46011
-650.13403
-162.32164
164.91435
5.315628
-3.4022978E-5
201.19763
-351.7555
-27.995226
242.2418
-654.5565
-152.60234
-3.6519551
239.55824
14.089302
7.247715
-224.85812
3.3601632
-77.45747
-416.48785
-10.890181
-84.145386
-841.1736
83.03699
-44.94672
-1255.9524
29.913792
103.906906
-410.231
23.207005
98.07903
-836.47473
109.851654
104.98463
-1256.1206
94.0523
-164.92393
-5.010208
1.2758616E-5
-206.35886
-362.61774
-0.08821431
-239.53055
-649.9501
-158.95851
164.92393
5.010208
-1.2758616E-5
200.84607
-351.83423
-31.171547
236.69019
-655.4068
-155.50537
-3.393434
239.61858
13.092649
6.831204
-224.86952
3.4689088
-78.28759
-416.4471
-8.893213
-86.01404
-841.3048
84.17244
-43.808548
-1254.8293
24.037888
103.22771
-410.55273
21.619965
97.4581
-837.54224
104.515434
108.23463
-1257.2103
91.76469
-164.93459
-4.645906
0.0
-203.97945
-362.52097
-0.9686302
-235.83466
-652.1173
-155.94998
164.93459
4.6459064
-8.505744E-7
205.80067
-351.6655
-31.178955
237.34001
-656.4188
-153.7787
-3.2981412
239.62898
12.925919
6.334515
-224.88562
3.3669581
-79.20602
-416.27008
-9.075043
-86.177055
-841.66223
81.5778
-42.7974
-1256.3878
31.36921
102.324905
-410.7879
21.427773
97.50347
-837.58716
105.35709
97.64477
-1257.2357
88.18042
-164.93846
-4.5060287
-5.528733E-5
-198.78638
-362.9092
1.21616
-232.02625
-651.6457
-155.0732
164.93846
4.5060287
5.6988472E-5
201.08643
-352.43564
-29.764812
234.86577
-657.0231
-152.17995
-2.957225
239.61603
13.244408
6.143661
-224.88608
3.6754649
-79.566536
-416.20016
-8.680989
-83.26479
-840.8745
85.4624
-41.90189
-1254.5403
25.714836
101.96438
-410.8338
22.16441
101.653854
-836.6761
110.95204
100.22558
-1255.7571
83.21914
-164.94452
-4.278366
7.740227E-5
-204.4877
-362.09595
1.7089446
-242.315
-653.3836
-148.6926
164.94452
4.278313
-7.740227E-5
198.37636
-352.77716
-31.522982
232.10019
-657.36755
-153.94589
-2.3609993
239.67372
12.285599
5.8331056
-224.8892
3.9770124
-80.18906
-416.1803
-6.4110737
-81.41329
-840.65894
88.67498
-46.082363
-1254.3417
25.28461
101.45756
-411.07672
21.011997
102.88077
-836.0201
113.99654
103.80051
-1254.541
78.79195
-164.95163
-3.9957936
3.65747E-5
-204.026
-361.8603
2.4875116
-243.92926
-654.09534
-145.52068
164.9516
3.9958463
-3.8275848E-5
197.51836
-353.44937
-27.790771
229.48322
-659.09814
-148.0283
-1.5239645
239.70172
11.864248
5.4477525
-224.89214
4.3413076
-80.86974
-415.966
-7.494047
-81.9706
-841.88416
80.9227
-38.7169
-1256.6633
31.049244
100.67226
-411.08643
23.419846
101.53945
-836.73157
113.144165
109.787094
-1255.9551
88.98439
-164.9546
-3.8696315
-5.954021E-6
-210.74573
-360.9443
0.9173215
-242.18652
-653.9626
-147.58102
164.9546
3.8696575
6.8045947E-6
198.369
-353.4252
-28.703035
229.90536
-660.4188
-145.58066
-1.9769807
239.70961
11.635829
5.275532
-224.8881
4.7433968
-81.19585
-415.91046
-6.79591
-91.588936
-843.9452
70.03682
-19.115082
-1257.3087
53.35924
100.34279
-411.12396
24.19645
102.237625
-837.4009
110.85333
110.66223
-1256.6772
87.69281
-164.96255
-3.5151997
1.02068925E-5
-212.23126
-360.3896
-2.5155926
-238.97244
-655.2981
-148.16545
164.96255
3.5151994
-8.505743E-6
203.13266
-353.93842
-19.234917
234.24506
-661.57104
-134.53534
-0.51335424
239.26999
18.697779
4.7933526
-224.94882
-0.22080025
-81.89421
-415.3288
-18.67962
-83.88525
-842.28375
64.570015
-23.64679
-1256.3955
28.754108
99.526566
-411.49188
17.870853
106.34532
-838.2843
101.6967
114.17839
-1257.7886
82.85944
-164.93228
-4.7266297
1.701149E-6
-216.85788
-360.8792
-7.685031
-244.53426
-657.254
-150.14897
164.93228
4.726629
1.7011487E-6
198.09825
-352.8737
-24.940374
233.5463
-660.86926
-137.99855
-2.066749
239.58195
14.007398
6.444706
-224.88615
3.1114817
-78.98822
-416.2408
-10.475701
-75.70829
-841.10645
82.81663
-23.745155
-1255.7462
40.70119
102.51187
-410.67804
21.885738
111.30795
-837.24133
106.68764
117.39416
-1256.955
92.4247
-164.92003
-5.1361566
5.2735617E-5
-222.8128
-360.41876
-4.7636185
-242.8405
-657.3104
-147.43188
164.92003
5.1361556
-5.103446E-5
194.3114
-352.9096
-23.224537
233.11516
-659.5138
-138.9317
-3.0603426
239.28369
18.274384
7.003748
-224.89076
-0.30259594
-77.92999
-416.41293
-14.638453
-75.987206
-842.60547
72.4315
-24.621582
-1256.6522
24.19442
103.70615
-410.78687
13.527721
107.47374
-837.57135
97.586044
118.27336
-1256.679
72.44328
-164.8671
-6.6206727
4.3379296E-5
-224.17291
-361.5458
-10.53353
-237.3883
-658.6271
-153.60011
164.8671
6.6206713
-4.0827563E-5
184.8253
-352.15686
-21.91705
233.66907
-654.85266
-143.93959
-5.124492
239.54276
13.892772
9.027555
-224.80487
2.5044405
-74.238884
-417.2264
-9.355477
-73.09134
-841.9113
84.806114
-23.200794
-1254.6816
25.379303
107.32444
-409.68402
18.54907
110.0738
-836.2799
103.59872
124.420685
-1255.6005
84.50846
-164.83171
-7.450332
-3.2321826E-5
-226.63174
-361.89102
-12.350591
-236.67162
-659.05853
-155.49625
164.83171
7.4503326
3.1471256E-5
190.98975
-351.06256
-19.602362
233.30608
-656.3466
-137.54713
-6.558177
239.28621
17.294512
10.15945
-224.77016
0.3995504
-72.09539
-417.51178
-13.194579
-74.58504
-843.1246
76.65282
-25.166084
-1256.4387
20.713657
109.44594
-409.26617
14.661312
109.47598
-836.05554
98.77902
123.22823
-1255.1924
75.64519
0.0
0.0
0.0
0.8000001
0.8000001
0.8000001
0.9199997
0.9199997
0.9199997
0.8309709
0.8309709
0.8309709
1.2599999
1.2599999
1.2599999
0.0
0.0
0.0
1.1299999
1.1299999
1.1299999
0.98999995
0.98999995
0.98999995
0.0
0.0
0.0
0.0
0.0
0.0
0.0
0.0
0.0
0.0
0.0
0.0
0.0
0.0
0.0
0.0
0.0
0.0
0.6001114
0.6001114
0.6001114
2
43
true
puzzled
