-164.85654
6.8791866
-1.360919E-5
-331.65363
-311.64044
17.999212
-591.905
-232.69107
204.91145
164.85654
-6.879204
-6.804596E-6
262.65497
-346.21857
-69.88744
437.7622
-539.5892
-271.98956
-44.94256
231.02594
-46.980732
-9.374358
-224.6523
-8.274918
-96.28264
-395.40012
-94.25243
-107.730194
-830.14435
-103.812836
-130.31746
-1248.6632
-130.86467
64.74161
-406.29944
66.632614
119.212
-834.22754
122.62837
98.71346
-1253.1022
99.74077
-164.8825
6.2255135
1.3609192E-5
-335.75906
-310.61246
3.8609586
-604.5248
-239.30264
181.56839
164.8825
-6.2255297
1.3609189E-5
260.31512
-349.34097
-52.577595
440.98972
-544.02844
-248.41798
-45.129875
231.59636
-43.890903
-8.482282
-224.65147
-9.206885
-93.60744
-396.45416
-94.866325
-109.58586
-830.827
-111.893745
-133.30847
-1249.6304
-132.89494
65.35256
-407.097
64.01912
119.56472
-835.3897
117.41739
100.886154
-1254.6228
100.248375
-164.99098
1.7252588
-1.3609189E-5
-349.66214
-306.53574
-21.719519
-631.6712
-232.55704
132.87039
164.99098
-1.7252429
-6.804596E-6
266.39294
-345.35825
-35.1281
464.92657
-533.0985
-220.16328
-40.17844
234.01047
-34.997128
-2.3512027
-224.84036
-8.141579
-81.73973
-400.73352
-90.960945
-99.84972
-834.6791
-115.215576
-127.98675
-1253.5806
-126.608536
75.078255
-406.4278
63.487213
128.47923
-835.3828
112.17934
110.8963
-1254.937
104.1116
-164.99998
-0.061040256
1.360919E-5
-345.60196
-311.32254
-9.96017
-622.0029
-184.22894
117.90573
164.99998
0.061040256
-1.360919E-5
279.6893
-338.1137
-45.652805
468.98956
-552.3312
-210.5051
-47.61494
231.55211
-41.429966
0.08310204
-224.82733
-8.812921
-76.71222
-402.32776
-90.64241
-97.22015
-835.82904
-120.32504
-136.13156
-1253.7561
-135.2564
78.89382
-406.61716
60.766754
117.939896
-838.3997
96.322784
100.29296
-1257.9888
90.525185
-164.99863
-0.6726818
6.8045947E-6
-359.7369
-303.1677
13.181725
-656.8777
-216.17819
127.37533
164.99863
0.6726818
-6.8045947E-6
271.17004
-340.53604
-43.637745
468.03394
-540.55164
-217.2418
-41.55325
233.63582
-35.883667
0.9167518
-224.87805
-7.34983
-74.96656
-403.19684
-88.24564
-88.697556
-837.39026
-110.88495
-136.13672
-1253.9192
-136.4422
79.83044
-406.20038
63.324364
117.32614
-838.1567
98.43593
106.03521
-1257.992
95.147736
-164.99104
-1.7188728
-6.8045947E-6
-361.58502
-301.30017
34.667694
-658.322
-178.79483
111.08497
164.99104
1.7188891
6.8045947E-6
273.22855
-339.2933
-39.941734
464.36887
-542.25244
-216.5004
-35.69463
235.3121
-30.888573
2.3431063
-224.91827
-5.592746
-73.04574
-403.67432
-85.98429
-96.1553
-837.0508
-115.57799
-131.04912
-1255.2871
-131.72662
82.67371
-404.8288
67.0653
118.27414
-837.1207
99.947556
101.53409
-1256.7164
92.25228
-164.99997
-0.079679854
6.804595E-6
-350.65332
-305.7007
41.57678
-643.15735
-186.16585
136.72314
164.99997
0.07969605
-6.804595E-6
272.89893
-341.12872
-39.174656
468.60675
-534.4125
-221.4926
-29.365646
236.89478
-24.870007
0.1085332
-224.8992
-6.7329364
-77.3036
-402.14056
-88.54286
-96.12041
-836.0377
-113.12305
-125.44571
-1254.8024
-126.3953
79.16042
-405.41968
65.814766
116.54353
-837.4332
100.3371
87.04226
-1255.9802
81.678856
-164.99321
1.4973943
-2.7218377E-5
-352.46716
-301.46915
51.62151
-639.97736
-145.47702
95.26054
164.9932
-1.4974107
-2.0413785E-5
269.26974
-341.9585
-53.03447
451.34363
-550.0292
-233.18904
-21.024117
238.33478
-18.828856
-2.0412455
-224.904
-6.246668
-80.56827
-401.79315
-87.75582
-102.32196
-835.53455
-112.65883
-120.2666
-1255.0454
-122.0708
74.586296
-406.32404
66.657364
108.35765
-838.77936
99.32056
68.999954
-1255.6431
66.52367
-164.98987
1.8272939
0.0
-355.75708
-296.07767
66.78698
-602.8099
-90.48015
141.58398
164.98987
-1.8272939
0.0
268.76758
-342.1707
-54.74082
439.82904
-542.7072
-253.29324
-6.977186
239.79378
-7.0893774
-2.4917345
-224.97568
-2.1766717
-81.64354
-402.76715
-81.07648
-108.75892
-836.0845
-108.01819
-125.392044
-1255.3997
-125.28548
73.161934
-405.5724
73.726875
103.26054
-838.4755
103.95846
66.12695
-1255.1366
66.347046
-164.99771
0.86931264
4.0827585E-5
-380.51294
-280.77228
61.896553
-643.10345
-86.47351
108.738754
164.99771
-0.8693121
4.7632155E-5
270.3266
-341.68167
-48.50527
432.33057
-545.8423
-250.92355
3.1611145
239.96698
2.420241
-1.1853967
-224.99554
0.7746949
-80.95998
-402.84393
-77.36603
-107.86494
-836.2444
-103.156525
-124.71643
-1255.379
-124.1839
76.54056
-403.2842
79.969536
102.435394
-836.6666
107.06506
47.208466
-1248.8376
48.200405
-164.99315
1.5050302
0.0
-398.20813
-255.67453
95.23356
-648.4444
-40.944626
108.38224
164.99315
-1.5050302
0.0
264.2638
-342.76
-57.361984
417.26102
-553.8833
-259.646
6.7835984
239.85486
4.860917
-2.0521615
-224.96599
3.3304396
-84.03237
-402.27338
-73.74958
-108.926315
-835.9942
-95.92049
-132.04364
-1253.8765
-131.13441
75.9402
-402.05988
84.90829
97.6507
-835.74005
110.89172
53.509285
-1249.9531
57.234993
-164.99985
0.22502908
-1.3609192E-5
-432.45892
-232.936
60.840485
-703.58704
-47.666016
28.212593
164.99985
-0.2250291
-6.8045965E-6
256.41824
-345.0822
-48.126698
411.65076
-559.0033
-245.71371
12.241369
239.47342
10.130804
-0.3068256
-224.91937
6.014847
-79.279434
-405.2445
-67.102684
-103.75685
-839.0241
-88.57617
-133.77232
-1255.6177
-132.7221
76.86829
-402.45654
87.40618
102.541916
-835.68994
116.981346
62.755432
-1250.824
67.17412
-164.99837
-0.7327751
-6.8045942E-6
-432.8006
-239.53079
29.282684
-621.4957
30.09607
53.6855
164.99837
0.73277515
-1.360919E-5
252.91391
-346.52518
-35.815697
403.21887
-567.28595
-229.6535
18.211596
238.82307
15.227294
0.9985744
-224.86992
7.583773
-76.33905
-406.68082
-63.57587
-95.53087
-840.9928
-78.73565
-137.19913
-1255.0631
-135.38821
78.307106
-402.22272
89.249985
112.55041
-834.10126
128.40762
43.349617
-1239.8428
44.83052
-164.99747
0.9148799
6.804596E-6
-431.54367
-241.04807
-2.6550677
-621.3096
28.473755
13.056931
164.99747
-0.9148799
-6.804596E-6
247.21945
-350.59567
-23.725609
385.10544
-580.8166
-215.78235
23.346924
238.2206
17.489016
-1.247088
-224.8972
6.68557
-81.33764
-405.09735
-65.518326
-92.67695
-839.9229
-70.329575
-133.95193
-1253.4083
-131.37225
75.40549
-402.64758
88.10536
106.77836
-834.89764
125.53012
43.827602
-1242.5638
46.501907
-164.99434
1.3681027
0.0
-501.0418
-125.576614
-23.603767
-733.0243
102.63391
31.205769
164.99432
-1.3681334
-1.360919E-5
251.09583
-350.10806
-23.811684
371.92853
-592.6418
-212.16464
26.817352
237.9385
16.312525
-1.8643603
-224.83588
8.3875065
-83.23264
-405.43082
-61.35968
-102.55575
-839.91205
-70.171936
-134.32024
-1254.1843
-131.56795
74.72168
-402.63165
89.770775
99.316376
-835.6927
122.607765
49.129272
-1246.3798
50.376312
-164.9739
2.9339142
0.0
-506.9993
-109.39857
-0.19922829
-734.80975
104.51354
105.838585
164.9739
-2.9338844
-2.0413789E-5
244.87137
-352.58884
-30.948866
351.14352
-591.5862
-232.16148
30.057356
237.70258
13.930143
-3.9972641
-224.76564
9.45677
-87.573616
-405.7113
-56.676872
-112.796135
-839.848
-67.36073
-135.67523
-1254.1433
-132.445
71.18558
-404.02222
88.92142
90.67712
-837.8473
114.23723
62.946594
-1252.4683
53.242065
-164.95486
3.8587582
-2.7218377E-5
-512.0609
-87.52589
-27.680653
-610.0582
227.55765
-23.3347
164.95486
-3.8587594
-6.8045965E-6
241.44849
-355.18826
-17.7846
338.83673
-594.81665
-222.70844
34.735935
236.75456
18.458138
-5.257029
-224.72285
9.848936
-90.777405
-405.00345
-55.61232
-116.18761
-839.1028
-67.31876
-137.75635
-1253.2942
-133.5025
69.77019
-404.09656
89.19625
88.74912
-838.0863
111.94954
54.154823
-1251.329
45.363655
-164.9516
3.9955835
-6.804595E-6
-512.29114
-79.561035
-44.424747
-549.0384
244.33508
-95.81477
164.9516
-3.9956129
6.804595E-6
244.99591
-354.42685
-19.769995
327.07596
-603.5743
-219.99094
38.46485
235.87288
22.009848
-5.439208
-224.54881
13.162435
-92.67635
-405.2569
-48.758995
-122.0104
-839.0156
-63.519936
-126.92576
-1256.2598
-111.30265
70.3191
-403.07782
93.711006
87.18878
-837.12585
117.00695
51.67539
-1248.7953
41.72686
-164.93051
4.788237
0.0
-517.598
-28.983522
-63.91475
-541.6642
297.83215
-102.80348
164.93051
-4.7882657
0.0
244.13449
-355.43726
-19.28779
316.8628
-608.5347
-218.16531
47.25611
233.47491
29.263016
-6.5173545
-224.48688
13.717239
-94.94516
-405.41522
-45.826527
-126.132385
-839.01086
-61.549297
-125.46044
-1256.8486
-104.10625
68.61125
-403.9035
92.871284
84.51878
-837.90533
117.65772
58.564987
-1253.232
60.823513
-164.90065
5.7248106
-6.8045942E-6
-520.2381
-22.951923
-50.12903
-522.4965
301.84586
-108.44959
164.90065
-5.7247844
-2.0413798E-5
240.08746
-356.7874
-26.495005
303.29605
-617.9667
-218.0415
53.092297
232.06082
30.479435
-7.7916226
-224.43124
13.9608
-96.90489
-406.56924
-40.670464
-131.6605
-839.8148
-58.42779
-120.69719
-1258.063
-95.14588
65.971886
-406.14273
89.05995
79.75654
-840.4861
108.575096
50.124672
-1254.16
42.2742
-164.89528
5.877877
2.0413798E-5
-513.8995
19.09666
-87.30029
-493.5152
339.16376
-165.02757
164.89528
-5.877876
-6.804595E-6
243.06068
-357.03775
-13.300121
298.15744
-623.79926
-199.58658
56.80099
230.45636
35.54584
-7.994986
-224.28784
16.00135
-98.68776
-406.21863
-36.686535
-133.79715
-839.3843
-55.656956
-122.43929
-1257.4656
-94.11449
66.62802
-405.21753
92.13185
80.60928
-839.6284
109.92815
47.531704
-1252.3967
39.727287
-164.89886
5.775711
-2.0413781E-5
-507.68695
17.724045
-109.332466
-478.78632
333.8579
-199.46642
164.89886
-5.7757397
6.804595E-6
238.20773
-358.18857
-5.5675125
301.76535
-625.3314
-188.58423
66.6381
227.00233
40.364613
-7.856352
-224.2994
15.907856
-98.28619
-407.20764
-33.76114
-134.47672
-840.23114
-53.90797
-126.7327
-1257.0883
-104.60507
66.80043
-406.37006
89.23349
83.47466
-840.6645
107.54514
52.56476
-1253.4941
36.719887
-164.83554
7.3653855
6.804596E-6
-505.9266
30.234833
-112.84445
-462.87146
329.15067
-245.86913
164.83553
-7.3654127
-6.804595E-6
243.03798
-358.38782
16.359798
293.38428
-628.64453
-166.19572
71.041725
225.80693
39.551224
-10.032451
-224.52342
10.657486
-101.62459
-407.4088
-36.921997
-137.92386
-840.56213
-53.819855
-127.47905
-1256.5063
-111.10219
63.24059
-410.67548
74.52042
83.913025
-843.4514
113.284134
64.602875
-1257.5383
45.762535
-164.90436
5.6170053
3.4022971E-6
-483.9814
33.829647
-164.2981
-482.48935
345.9195
-271.52542
164.90436
-5.6169777
-1.02068925E-5
216.4694
-361.5408
16.10205
271.04388
-647.5475
-139.21
85.568245
222.47243
28.00179
-7.6581063
-224.82735
4.360877
-94.531685
-410.94635
-39.373608
-130.78612
-844.098
-56.41008
-116.45434
-1259.656
-115.6226
65.77363
-414.93518
55.024418
85.70972
-847.5195
96.23576
67.93064
-1260.9961
24.67511
-164.88916
6.0467863
3.4022976E-6
-487.15094
46.684765
-155.22856
-450.91623
340.56097
-300.9125
164.88916
-6.0467863
-3.4022976E-6
206.99835
-362.95813
21.003084
253.76654
-649.3519
-136.13171
94.1824
219.16425
26.395412
-8.245475
-224.84471
1.3667505
-94.886116
-411.5946
-40.080578
-124.66165
-845.3298
-54.64891
-112.01096
-1260.903
-114.13736
64.3224
-417.01144
45.022823
83.064804
-849.4503
88.27055
64.95436
-1262.7832
15.965927
-164.87479
6.4272466
1.3609193E-5
-470.77728
104.19894
-162.67868
-377.87088
365.77246
-341.1379
164.87479
-6.4272184
-6.804595E-6
217.38618
-362.07938
18.81744
256.23547
-656.91516
-124.23018
97.43984
217.74486
26.318405
-8.764372
-224.82736
0.91830885
-96.634796
-411.62903
-37.603363
-128.97469
-845.156
-52.883156
-112.78675
-1260.2314
-114.934326
64.196594
-417.63623
40.9363
82.21075
-850.61804
78.715546
57.988514
-1264.2642
10.084831
-164.85808
6.8421984
1.02068925E-5
-371.31586
132.45256
-266.8281
-348.3324
423.04736
-421.50977
164.85808
-6.8421984
-1.02068925E-5
215.85194
-362.78885
17.366762
245.47314
-655.88824
-131.34547
98.42879
217.63922
23.343967
-9.330135
-224.80226
-1.3742406
-97.484344
-411.68524
-38.83873
-126.91568
-845.5982
-47.689217
-110.5819
-1260.7452
-109.22099
63.173847
-418.71896
33.832123
79.66388
-851.796
71.21292
53.646835
-1265.9866
6.642441
-164.79204
8.281544
-3.4022974E-6
-371.34567
139.28593
-264.14664
-321.85248
404.44043
-454.2611
164.79204
-8.281516
3.4022974E-6
211.35516
-364.8619
16.801828
231.72348
-668.3546
-111.17189
103.23512
215.53464
22.075788
-11.290368
-224.66301
-4.905673
-101.63109
-410.6033
-41.848392
-132.04294
-844.43024
-51.559975
-94.69917
-1259.664
-102.417076
60.39724
-419.93228
23.917866
76.01469
-853.08655
60.7755
67.54843
-1270.0316
10.924522
-164.46877
13.229661
1.7011487E-6
-403.11987
155.49475
-228.9242
-345.33994
382.87775
-460.99844
164.46877
-13.229665
-8.505745E-6
196.40826
-371.68118
9.611566
213.0273
-683.5166
-97.07706
98.85004
218.26576
13.737641
-18.020243
-224.02364
-10.662173
-114.636475
-407.07874
-46.10418
-142.75659
-841.13684
-51.378174
-101.87844
-1256.0107
-102.45238
48.82013
-422.3242
6.923373
63.741116
-855.82043
39.838577
55.720245
-1272.2622
-14.123943
-164.21455
16.080526
-2.721838E-5
-408.63757
167.84761
-216.38887
-343.67303
356.88217
-478.96368
164.21455
-16.080563
2.2114948E-5
169.3184
-375.24228
24.01692
206.52246
-685.3717
-82.45188
94.2668
220.53043
8.949906
-21.880459
-223.44244
-14.823196
-123.54001
-403.61957
-50.90004
-148.14807
-837.91956
-52.622128
-112.35002
-1252.4979
-109.572174
43.779003
-422.59686
-3.5822783
59.17643
-856.31384
26.039608
51.169754
-1272.6775
-28.523582
-163.91902
18.856138
-4.252872E-5
-338.9745
102.08908
-303.361
-330.31754
327.34076
-544.37286
163.91902
-18.856165
4.5931003E-5
152.71873
-377.89847
23.731407
191.86002
-688.8459
-79.61102
94.29228
220.62694
5.720009
-25.630186
-222.80629
-18.04017
-129.31282
-402.76004
-49.129597
-152.97925
-837.10986
-46.87118
-122.05101
-1250.6462
-113.4382
35.15322
-423.8167
-17.61262
53.84266
-857.2323
14.428061
48.800014
-1273.3582
-42.26301
-164.33205
14.831662
2.5517238E-5
-315.69086
119.05053
-309.56247
-294.46082
297.7713
-586.1636
164.33205
-14.83166
-2.3816085E-5
157.23218
-373.77945
26.572187
193.56148
-681.40436
-87.21313
97.59822
219.11258
8.016509
-20.147438
-223.22992
-19.684605
-118.02869
-406.9586
-47.30767
-144.3048
-841.16125
-45.684643
-112.60003
-1254.3451
-114.05092
43.784058
-423.1684
-25.798403
59.69457
-856.7932
4.8833427
58.080173
-1273.3188
-49.003452
-164.46146
13.320204
-6.63448E-5
-307.97617
122.38618
-311.6219
-269.66357
251.1684
-613.03076
164.46146
-13.320204
6.63448E-5
151.86649
-371.88516
29.538572
193.00603
-684.1577
-68.91629
97.27121
219.26323
7.871095
-18.090063
-223.35297
-20.278076
-112.27513
-408.99387
-47.966133
-149.52478
-842.3948
-49.034924
-117.30839
-1255.4463
-117.95949
45.509827
-423.35968
-27.513802
60.323196
-857.1864
0.77013016
62.625164
-1274.7072
-44.739025
-164.53505
12.378026
-1.531034E-5
-282.98953
107.92111
-326.25153
-223.99646
198.76381
-637.9684
164.53505
-12.378026
1.531034E-5
155.68567
-370.98093
30.424267
189.11458
-682.8712
-72.07921
101.4189
217.146
12.721076
-16.799536
-223.3071
-21.833958
-109.89078
-409.48352
-49.62545
-146.18298
-842.95154
-45.973625
-113.084175
-1255.6099
-116.80876
47.88758
-422.85306
-31.682213
65.78092
-856.5698
-3.4930553
77.3349
-1275.6609
-28.576197
-164.59572
11.543167
3.487355E-5
-292.25705
74.68112
-330.62994
-152.57823
237.85799
-581.1557
164.59572
-11.543196
-3.487355E-5
160.3448
-371.015
19.02457
178.64798
-680.66583
-93.586945
105.04647
215.36105
13.596018
-15.658096
-223.26978
-23.031073
-109.26867
-409.254
-50.361107
-143.09914
-842.9251
-47.21649
-109.78859
-1255.5093
-118.38346
51.534576
-421.8504
-35.314465
68.3497
-855.9077
-12.152538
78.097755
-1274.8248
-40.673893
-164.29749
15.209675
4.8057453E-5
-329.8381
35.712093
-319.02338
-202.68805
232.29497
-551.59174
164.29749
-15.209675
-4.8057453E-5
150.63905
-372.70636
40.11946
172.10866
-690.65717
-45.59133
92.63573
221.28175
-7.2805243
-20.494667
-221.38579
-34.544243
-117.18967
-404.30643
-70.462524
-157.6251
-837.40027
-66.027855
-127.59108
-1250.2091
-137.34969
41.49982
-420.62772
-58.19454
56.60757
-854.7458
-34.993507
60.44715
-1274.0195
-59.382553
-164.28035
15.393712
4.2528718E-5
-290.88315
1.2929249
-336.7089
-211.11656
13.000795
-656.7092
164.28035
-15.393682
-4.2528718E-5
151.49524
-368.14377
70.73829
188.71442
-680.1686
-30.035034
100.80534
217.78307
2.9687855
-20.677877
-220.67172
-38.74819
-117.078545
-400.60635
-88.04763
-155.211
-833.90845
-83.555336
-132.66994
-1248.5632
-146.43027
42.174522
-420.331
-55.6525
62.782696
-854.44653
-37.10558
80.64284
-1273.3881
-60.958572
-164.52129
12.559606
3.0397403E-4
-315.89
-121.34193
-297.9223
-185.81802
-45.742188
-591.63293
164.52129
-12.55962
-3.0397403E-4
154.4562
-368.71365
51.506813
189.18657
-683.88605
-39.92713
96.1207
219.81554
6.476828
-16.96275
-222.19914
-31.061295
-104.71019
-410.98352
-58.64483
-155.98044
-842.9166
-64.13644
-123.70011
-1256.0172
-132.73602
41.140877
-422.2179
-57.828087
60.240364
-855.9484
-30.661062
78.39723
-1275.2527
-46.6085
-164.6137
11.284087
-8.675862E-5
-308.33676
-137.04837
-294.858
-277.27695
-149.93953
-623.1401
164.6137
-11.284089
8.643967E-5
156.69374
-364.9119
66.96738
176.5484
-670.5335
-55.919655
96.84459
219.41779
8.772133
-15.255751
-222.5515
-29.378372
-99.991554
-412.76526
-56.55494
-148.22403
-844.318
-82.26276
-114.77194
-1256.1033
-157.85284
42.827904
-422.88165
-53.75293
64.331894
-856.4241
-25.40538
81.21351
-1275.6028
-45.510727
-164.56007
12.0408125
1.6160911E-5
-259.53256
-172.05069
-294.43253
-149.53616
-232.96426
-599.5397
164.56007
-12.0408125
-1.6160911E-5
169.90738
-364.486
73.16973
209.08505
-680.62146
-12.989944
94.97513
219.88635
15.156176
-16.223404
-221.72217
-34.65665
-108.89576
-405.2412
-77.46535
-152.55809
-837.5123
-98.918625
-125.88698
-1251.9005
-161.93552
49.933098
-420.33148
-51.319725
73.85594
-853.6609
-21.683786
89.5284
-1272.8652
-42.22889
-164.14134
16.811317
2.9770103E-5
-233.3754
-260.7557
-218.54788
-179.36731
-298.52957
-541.8995
164.14134
-16.811321
-3.2321834E-5
169.12567
-369.9369
69.83903
192.1144
-683.9225
-29.07798
80.98959
225.80368
7.306032
-22.560991
-220.27904
-39.91427
-124.46082
-398.3193
-84.837395
-168.82814
-830.8479
-98.08829
-141.40825
-1245.0098
-162.26051
42.246826
-418.69226
-62.982388
59.719406
-852.8511
-42.346977
77.47154
-1271.9521
-63.302895
-164.31952
14.969694
2.3390794E-5
-262.30807
-270.81247
-195.77226
-241.15968
-313.36655
-522.33295
164.31952
-14.969694
-2.3390794E-5
151.93903
-372.96475
35.8644
181.48808
-695.0947
-29.39738
81.88162
225.53941
5.232135
-20.154568
-221.23228
-35.708023
-119.08806
-404.7718
-60.71637
-163.55374
-837.4607
-66.01803
-131.74597
-1251.395
-129.63101
43.469055
-418.03467
-72.05173
58.66772
-852.2251
-50.310715
79.28915
-1271.002
-74.81868
-164.01678
17.985888
-4.0827566E-5
-271.28787
-296.86884
-137.69318
-203.7796
-400.81604
-443.53238
164.01678
-17.985872
4.0827566E-5
154.69127
-377.80865
6.3721886
106.745766
-665.74786
-147.55063
68.79215
229.77827
8.341978
-24.283567
-221.44582
-31.576176
-128.70909
-403.32196
-42.363678
-171.47809
-836.16943
-48.602055
-138.96266
-1250.4692
-109.41652
37.012215
-417.68164
-74.40529
51.516254
-850.8206
-36.918602
52.782158
-1269.4344
-70.9897
-163.58707
21.54691
-1.1908043E-5
-258.75534
-293.37103
-146.18376
-202.21364
-454.51187
-428.56055
163.58708
-21.546898
1.701149E-5
137.16965
-379.8699
22.511042
154.76772
-701.339
-49.93151
58.596848
232.44632
11.624276
-29.116367
-221.05487
-30.198948
-133.73993
-402.979
-37.78355
-178.45679
-835.64777
-42.59571
-144.6265
-1249.159
-107.89471
23.668362
-419.492
-74.204254
36.92596
-852.99036
-40.612698
48.94511
-1270.8787
-80.92377
-163.2681
23.843836
-3.742529E-5
-227.66324
-299.793
-143.91827
-246.76163
-453.5232
-435.29822
163.2681
-23.843838
2.7218377E-5
140.91898
-377.51022
63.408306
156.07478
-694.2298
-28.01926
55.20755
233.52176
4.43956
-32.187355
-220.39903
-31.831434
-140.42416
-400.08246
-41.76468
-179.69647
-833.1482
-53.459793
-146.42065
-1246.2451
-121.60381
19.017838
-419.16617
-76.21219
32.59899
-853.08545
-48.74166
46.191742
-1271.117
-87.01619
-163.01198
25.536226
4.082757E-5
-201.30191
-297.735
-153.71913
-200.29301
-530.95776
-387.18457
163.01198
-25.536242
-4.082757E-5
127.37627
-375.27634
77.53691
159.16139
-684.2987
-33.795372
49.176933
234.8391
5.6767826
-34.54553
-220.5231
-28.304947
-151.56131
-394.17548
-44.184353
-183.77191
-827.65845
-60.918594
-156.57462
-1241.261
-128.69214
23.248737
-419.87115
-60.245125
16.689335
-854.78296
-54.441475
24.272526
-1272.1647
-100.6479
-163.83165
19.600704
-4.6781606E-5
-203.00572
-310.86417
-137.3258
-181.71533
-575.5929
-333.19672
163.83165
-19.600704
4.6781606E-5
124.41481
-368.62308
78.928474
162.81354
-681.5164
-18.658913
44.6271
235.56569
10.827283
-26.234402
-219.27866
-43.053787
-132.49245
-398.38403
-70.08145
-182.43155
-829.9561
-48.25001
-159.15955
-1242.3115
-124.54834
33.76115
-415.09216
-89.50374
16.273434
-847.75964
-48.054646
23.135818
-1265.789
-88.10967
-163.73598
20.384583
1.9116665E-4
-205.75609
-315.6866
-122.02635
-169.66551
-592.59875
-297.85907
163.73598
-20.384565
-1.9116665E-4
124.00284
-370.10992
75.58702
155.79697
-684.4911
-19.56363
45.772114
234.6008
21.618856
-27.229689
-218.71811
-45.23199
-131.75948
-396.96545
-82.66736
-187.64848
-826.3179
-40.740242
-179.11504
-1240.1328
-112.04477
30.250708
-416.6255
-85.58882
41.02804
-850.20605
-52.171436
28.330643
-1268.3242
-89.80142
-163.84134
19.519663
-1.1440226E-4
-205.71407
-327.6705
-85.47333
-174.18091
-629.8887
-214.19727
163.84134
-19.519651
1.1567814E-4
130.13637
-373.25745
57.736996
161.79633
-690.1117
-28.871655
47.137558
233.71274
27.503035
-26.196396
-219.88277
-39.878822
-127.93887
-401.1947
-69.45005
-191.05151
-828.60596
-18.839516
-169.49432
-1240.4778
-98.192345
29.66248
-418.46555
-79.181046
36.33817
-852.6047
-52.654892
45.251892
-1271.7665
-77.63377
-163.62675
21.243359
-1.9329306E-4
-184.98059
-333.96057
-54.536446
-172.80746
-651.03705
-145.16931
163.62675
-21.243374
1.9329306E-4
121.368774
-374.8558
52.654835
163.83105
-692.8968
-24.461208
45.757885
234.0656
26.823599
-28.505234
-219.56023
-40.07192
-132.2826
-399.28073
-72.17799
-198.45093
-825.85034
-18.464775
-168.22429
-1235.0533
-108.1264
25.720814
-419.01825
-77.1669
33.43238
-853.04407
-49.110867
42.77585
-1271.6416
-82.10835
-164.11913
17.026855
1.2418386E-4
-199.50714
-340.1669
-27.573647
-177.71533
-661.45404
-99.68247
164.11913
-17.026857
-1.237586E-4
117.38316
-371.1816
44.61097
157.25555
-693.878
-11.756088
46.58039
233.96536
26.27689
-22.855156
-220.29663
-39.648987
-128.82846
-399.1758
-69.17687
-188.18958
-827.0392
-17.852242
-156.3197
-1236.0547
-107.80021
43.704468
-415.84122
-77.49256
21.551601
-847.6334
-29.641418
32.30434
-1265.8286
-67.02002
-164.46242
13.308329
-3.232182E-5
-205.78687
-343.93277
-16.465015
-205.91187
-672.8736
-42.883278
164.46242
-13.308318
3.742528E-5
129.82367
-369.04745
43.009575
162.51602
-689.21875
-29.939362
47.970715
233.3568
29.041649
-17.992336
-222.34581
-29.387405
-121.34436
-404.74963
-41.519978
-184.11415
-834.5111
-17.230125
-139.38782
-1241.4595
-110.99907
53.643024
-416.17047
-66.80893
21.895061
-846.6733
-13.102261
26.964975
-1263.2675
-66.23973
-164.26758
15.529379
-2.466666E-5
-218.84477
-339.89737
17.121122
-245.39317
-667.99634
-6.2513638
164.26758
-15.529391
2.2965507E-5
143.0021
-371.9451
45.995834
177.86798
-695.3678
-9.521214
53.309826
232.0609
30.096605
-21.01327
-222.2744
-27.884388
-130.52034
-400.94354
-41.50553
-175.92294
-833.2156
-24.05649
-130.79503
-1241.353
-112.30255
52.302933
-416.2672
-60.92263
35.368225
-849.34106
-23.702915
54.859943
-1263.647
-89.81369
-164.39673
14.096675
-1.0206892E-4
-196.97986
-341.50076
45.703197
-213.75008
-665.33234
-15.5494995
164.39673
-14.096675
1.0206892E-4
153.5906
-370.94595
46.2801
198.85129
-695.1537
4.557247
54.710804
231.39082
32.63466
-19.102861
-222.77866
-25.094742
-120.51964
-406.16132
-38.712147
-170.53754
-838.0062
-23.442127
-128.4999
-1247.388
-107.343704
49.0933
-419.25113
-54.212547
38.668083
-853.219
-26.138008
53.802147
-1269.3663
-80.84018
-164.34232
14.717464
-3.232183E-5
-193.16618
-340.19562
52.970535
-206.43909
-632.96747
-98.714966
164.34232
-14.71748
3.232183E-5
168.87494
-372.30643
41.34729
192.13824
-698.1853
-5.1470947
51.482082
231.76164
35.158722
-19.980429
-223.11024
-21.156528
-123.48173
-405.3039
-35.047462
-167.5926
-838.0449
-31.249601
-131.26318
-1246.094
-123.8567
49.268524
-420.13324
-43.213642
42.981255
-854.52356
-21.066713
55.23519
-1271.2831
-71.67688
-163.89104
19.097801
-1.7064648E-4
-197.5099
-333.86304
62.35692
-219.5292
-654.3982
-12.958099
163.89104
-19.097782
1.7069963E-4
174.14963
-377.63553
30.748085
182.5171
-703.79626
-18.740849
51.14355
231.97081
34.26186
-25.907091
-222.32538
-22.918169
-139.79767
-397.64362
-42.728485
-154.46594
-832.3823
-39.254112
-126.10744
-1244.0322
-117.61334
44.659164
-419.24142
-41.47826
46.94428
-854.0248
-27.942574
60.362038
-1270.8425
-77.77141
-164.06418
17.548449
1.0504593E-4
-208.2648
-335.4593
55.06209
-252.72937
-661.2235
83.35673
164.06418
-17.548449
-1.0504593E-4
176.96451
-375.44763
36.629925
190.1744
-699.0547
-26.646912
50.100487
233.09554
27.50298
-23.813444
-222.63672
-22.154291
-135.72061
-398.76978
-45.689964
-153.38948
-833.4068
-43.83131
-125.519806
-1245.1726
-121.75592
48.61593
-419.2857
-35.688145
52.784245
-854.14197
-25.311008
64.55191
-1271.2861
-72.76877
-164.00612
18.082937
1.2758616E-6
-206.01921
-335.00317
56.25903
-288.62228
-649.87384
110.418015
164.00612
-18.082937
-1.2758616E-6
175.75958
-376.65433
29.806564
183.5044
-701.4001
-28.332928
46.239037
234.29257
23.852448
-24.540422
-222.5726
-22.004517
-136.9273
-398.436
-45.269356
-154.15948
-833.09454
-45.142365
-124.9783
-1245.3486
-119.942535
47.12387
-419.49942
-35.57132
52.00299
-854.24884
-21.638966
64.70567
-1271.9883
-63.260643
-164.12782
16.942781
-3.596335E-4
-198.9013
-337.7329
50.95028
-262.06958
-659.4984
13.845734
164.12782
-16.94278
3.597398E-4
176.8545
-375.9739
23.123459
176.65858
-694.0569
-64.75803
46.005005
234.08846
26.19411
-23.049603
-223.28503
-15.411405
-136.43677
-399.49902
-29.266954
-147.81918
-833.7562
-51.985626
-120.855644
-1247.1719
-120.981995
51.993763
-419.0625
-27.230148
53.589005
-853.31726
-1.8289471
71.496864
-1272.1882
-26.856781
-164.02213
17.937084
-4.933332E-5
-195.18767
-337.70834
46.31444
-283.4851
-653.7056
10.969654
164.02213
-17.937088
4.848275E-5
177.32799
-376.828
24.905394
182.16595
-700.6708
-38.35948
46.429012
233.97299
26.476118
-24.415144
-223.25842
-13.585945
-140.44347
-397.53772
-29.838295
-147.46437
-831.82416
-53.73349
-122.25222
-1246.0239
-118.56276
51.397423
-418.9965
-19.835777
55.63084
-853.3729
3.0602093
80.294846
-1272.33
-13.2694
-164.10236
17.187733
-2.8068956E-5
-194.30481
-338.38535
47.492996
-266.3189
-659.638
24.8947
164.10236
-17.18776
2.9770103E-5
193.32063
-373.2021
44.722748
209.66988
-686.9767
-56.164223
48.713776
233.36346
27.72099
-23.395716
-223.3733
-13.490864
-138.73038
-397.091
-38.392242
-145.47026
-831.83374
-51.74665
-120.22038
-1245.8928
-117.454155
53.98053
-418.57965
-10.769871
61.242825
-853.0379
9.682127
80.4843
-1272.0376
-11.975388
-164.12614
16.959013
5.1034494E-6
-203.37628
-337.06033
52.24665
-249.59163
-654.7998
-23.94915
164.12614
-16.95901
-1.7011487E-6
194.63474
-373.63583
38.09053
209.60414
-693.12256
-43.175354
46.966324
234.12451
24.080662
-23.084364
-223.4059
-13.487758
-137.94437
-397.19373
-40.03912
-144.31964
-832.0052
-51.14496
-120.71229
-1245.3765
-121.62129
54.41857
-418.53122
-9.082554
61.48754
-853.12305
8.380508
73.96948
-1272.28
-15.105068
-164.35443
14.581438
-2.0413785E-5
-199.92044
-340.4944
47.499287
-208.83574
-647.01294
-74.43048
164.35443
-14.581421
2.2114937E-5
201.36133
-370.4591
39.76871
211.41586
-682.2458
-67.87872
49.82823
233.34856
25.79931
-19.866014
-223.91887
-9.522657
-132.40288
-399.35428
-35.17168
-138.04012
-834.0299
-50.992672
-115.73389
-1247.7687
-119.71445
60.537224
-417.65582
0.54261684
68.72992
-852.2213
18.1684
83.94663
-1271.4563
-2.090601
-164.59184
11.598518
-2.8919529E-5
-197.15228
-343.67972
48.137043
-229.95006
-657.06384
-49.917576
164.59184
-11.598505
2.5517238E-5
204.55342
-367.13885
39.926632
213.75217
-681.59937
-59.722607
48.01622
233.9937
23.26794
-15.801386
-224.2329
-9.742871
-125.39142
-401.35495
-36.5348
-130.91719
-836.09094
-50.646008
-110.37393
-1249.5085
-121.80701
68.44192
-416.28662
1.1399202
72.7576
-850.4763
27.325851
87.91202
-1269.6002
4.8415565
-164.65294
10.696377
-5.1034476E-6
-186.753
-345.67557
45.941467
-223.6751
-661.87476
-40.9769
164.65294
-10.696374
8.5057445E-6
192.39075
-366.80692
44.898933
223.18817
-682.9354
-44.62355
44.88056
234.98305
19.20158
-14.576594
-224.38132
-8.096009
-123.76909
-401.66916
-35.40939
-128.59851
-836.4143
-49.493107
-112.17263
-1249.6533
-122.73065
71.29593
-415.4981
6.056032
77.956375
-849.7025
31.49523
92.224075
-1268.7296
6.7420597
-164.73325
9.378396
-2.381609E-5
-188.60724
-347.07523
44.394276
-250.42868
-663.97327
-23.823895
164.73326
-9.378395
2.7218379E-5
188.83716
-365.7442
44.97121
207.92014
-661.7698
-99.61336
40.94865
236.19054
11.714965
-12.776482
-224.42073
-9.8541155
-121.72011
-402.0028
-36.23391
-125.786514
-836.73926
-50.816357
-110.43945
-1247.4231
-137.43779
75.903885
-414.4955
0.50774956
81.139755
-847.81116
38.390556
90.388985
-1266.8107
10.9340725
-164.6873
10.153455
-1.531034E-5
-214.44348
-341.95447
56.07437
-260.14893
-657.5514
-28.834923
164.6873
-10.153439
1.8712635E-5
185.04529
-367.28186
40.556866
219.1096
-663.96704
-99.862305
36.73987
237.12204
4.8299007
-13.831686
-224.34647
-10.117088
-123.193
-401.3716
-38.44014
-124.64621
-836.1943
-50.77502
-107.62636
-1245.9955
-141.1815
73.615234
-414.90195
1.7841787
82.82472
-847.62524
45.26715
93.01344
-1266.764
20.390368
-164.76382
8.825068
-5.103447E-6
-219.29138
-344.3518
43.507057
-248.37967
-661.20215
-44.01293
164.76382
-8.825067
8.505743E-6
191.56831
-367.00443
24.270807
209.27861
-666.30347
-113.592995
37.867413
236.85458
8.122208
-12.033343
-224.66124
-2.7437859
-118.93395
-403.82983
-26.636768
-118.9593
-838.6947
-37.479706
-101.29439
-1248.7592
-126.55862
75.310486
-414.64395
16.688887
87.778175
-847.9822
52.57128
89.96748
-1266.5245
17.6781
-164.83014
7.484849
-1.1908047E-5
-235.118
-341.9057
50.851295
-240.97168
-654.6077
-54.42543
164.83014
-7.4848466
1.7011485E-5
187.6829
-366.29227
18.302248
206.7146
-671.0135
-106.92865
33.60123
237.54471
6.5924206
-10.20659
-224.76741
-0.65562487
-115.04979
-405.43237
-22.290735
-113.3669
-840.33765
-31.210436
-95.02025
-1251.3812
-115.51109
77.876526
-414.28888
19.910595
91.93725
-847.1183
60.97118
93.333916
-1265.6093
25.426735
-164.80585
8.002426
3.2321826E-5
-209.87964
-343.9909
60.572777
-192.69731
-649.80365
-62.241447
164.80585
-8.00244
-3.2321826E-5
190.08104
-366.63745
18.495455
212.84108
-678.4216
-87.205246
29.677454
238.14494
2.4971442
-10.912428
-224.73381
0.7913449
-114.91809
-406.0611
-19.289404
-112.58794
-840.9215
-30.059895
-92.32274
-1251.6344
-115.524994
74.98307
-415.16748
22.168425
94.3339
-847.87714
62.32943
107.10903
-1264.0728
7.3931885
-164.85962
6.8049083
-1.1908047E-5
-222.83559
-343.46442
59.583256
-207.91016
-649.94336
-61.85767
164.85962
-6.804892
1.7011487E-5
195.52448
-364.17444
30.768509
220.32433
-665.9431
-100.45888
25.85468
238.60284
-0.47372583
-9.278565
-224.78787
3.0537407
-112.4535
-406.44247
-18.312986
-108.79633
-841.36
-25.955746
-90.13977
-1252.035
-111.96707
78.33557
-413.81195
29.39129
96.28974
-847.04266
64.23066
106.20927
-1264.2407
16.82447
-164.86801
6.5983634
-1.8712637E-5
-243.74234
-341.05597
50.15281
-249.45175
-664.83813
-13.349136
164.86801
-6.5983634
1.8712637E-5
199.9661
-362.3763
42.31053
228.87321
-658.80664
-99.79321
23.573128
238.7975
-4.47967
-8.996374
-224.78365
4.0465436
-110.2565
-407.32953
-18.830944
-108.63728
-842.2251
-28.222527
-89.75418
-1254.8954
-104.02935
77.00897
-414.0843
33.514233
100.0005
-847.38306
64.313675
111.154076
-1264.8899
20.000015
-164.92671
4.917332
6.8045965E-6
-247.62578
-343.91165
32.85135
-240.25603
-669.60187
-19.794415
164.92671
-4.917317
-3.4022976E-6
204.42528
-360.68668
38.314873
226.37976
-664.5123
-88.60232
25.669285
238.62238
0.6640716
-6.7030053
-224.8182
6.0697665
-109.45843
-405.90613
-21.288786
-113.205444
-840.8573
-26.622759
-91.216896
-1254.4196
-96.499504
84.41992
-410.3601
43.094482
110.18053
-843.4679
74.3842
120.49893
-1261.4736
34.827194
-164.81165
7.8814344
1.0206891E-5
-245.2127
-341.8492
28.708052
-236.78177
-659.35846
-60.828445
164.81165
-7.8814354
-1.7011487E-5
187.6427
-363.16882
53.38164
234.7828
-665.1936
-70.95184
25.577408
238.6316
0.86803347
-10.743464
-224.6591
6.1529117
-121.75329
-400.11685
-25.33359
-108.6602
-834.90796
-22.12134
-85.6662
-1248.2101
-93.20335
82.26111
-408.4158
47.184944
110.434296
-841.4082
77.98789
124.965645
-1260.0312
47.269516
-164.85817
6.839883
-2.721838E-5
-246.14856
-342.71756
28.310125
-216.65472
-659.4308
-59.56949
164.85817
-6.839883
2.721838E-5
197.84836
-362.3908
45.77333
219.39552
-661.30005
-92.38971
25.088467
238.6489
-4.156287
-9.322985
-224.70558
6.7439747
-116.49868
-402.94968
-22.280363
-109.390434
-837.8905
-21.313782
-85.09243
-1251.4873
-90.21437
81.94094
-409.63824
46.37751
114.525055
-842.07007
80.52335
134.21552
-1260.8488
55.289757
-164.9549
3.8581235
5.2735624E-5
-228.93718
-348.52505
36.501644
-213.43129
-667.376
-47.12636
164.9549
-3.8581228
-4.933332E-5
204.67828
-359.9011
35.432213
240.20474
-658.2758
-100.98765
32.269398
237.80852
2.4069176
-5.259047
-224.84993
6.312954
-107.03292
-407.72998
-10.919748
-101.28285
-842.6643
-6.012999
-73.62279
-1255.3445
-79.020164
87.36488
-411.30472
33.79786
123.11571
-840.62616
94.04723
144.21222
-1259.0233
64.068596
-164.99997
-0.102158576
4.0827577E-5
-220.20938
-354.38956
32.13076
-196.86823
-671.24054
-57.091568
164.99997
0.102158576
-4.0827577E-5
207.25874
-356.25378
28.715975
231.77496
-648.66394
-122.265
36.47538
237.08446
7.7780304
0.13902669
-224.61569
13.144084
-95.19313
-411.41986
2.3747349
-95.76314
-846.4188
3.132375
-61.790672
-1259.228
-66.39736
94.69103
-409.32605
45.424103
129.10992
-838.86646
104.883286
150.03609
-1257.6345
80.482796
-164.96646
3.3260903
-1.5310336E-5
-215.33385
-351.40295
35.077663
-212.31
-673.2093
-37.939808
164.96646
-3.326091
1.1908045E-5
204.82918
-360.3017
24.069796
243.25117
-655.1942
-118.97623
34.18316
237.54836
1.5144396
-4.531774
-224.76227
9.294653
-98.88888
-412.02692
-2.04957
-100.85269
-847.0215
-1.1030676
-62.86392
-1259.874
-68.25691
81.61681
-414.39374
36.096348
127.184006
-842.2426
100.080444
150.12712
-1261.2748
83.17824
-164.96855
3.2204564
1.531034E-5
-212.73439
-352.5398
27.4421
-197.35886
-674.9193
-41.369682
164.96855
-3.2204428
-1.871264E-5
208.91885
-360.13623
16.717628
247.03317
-657.09436
-122.07412
35.11654
237.40785
2.0841231
-4.389029
-224.82678
7.6588783
-101.225334
-410.19135
-11.385962
-93.19246
-844.9831
-0.58753586
-56.9844
-1259.0433
-60.94551
84.48797
-412.4552
39.22559
128.48492
-840.63696
102.07173
148.52995
-1259.7979
84.68431
-164.98506
2.2207437
-2.7218373E-5
-211.16669
-353.9959
24.019762
-209.34065
-668.4712
-75.99006
164.98506
-2.2207444
1.7011489E-5
198.82123
-360.61856
2.4731731
227.89053
-657.6301
-138.37816
27.645441
238.17352
-10.445526
-3.0263064
-224.82948
8.218648
-100.41712
-409.68195
-12.8669615
-93.52064
-844.5694
-5.77088
-55.474464
-1259.0953
-61.634193
88.56886
-410.64404
42.61744
128.54668
-839.4365
103.966995
152.51558
-1258.5635
91.3963
-164.99625
1.1140343
5.1034463E-6
-209.17552
-355.6196
19.730778
-204.36607
-672.8177
-71.16611
164.99625
-1.1140343
-5.1034463E-6
203.19827
-358.65134
17.54056
237.1773
-653.26794
-127.18851
26.265823
238.37956
-9.235437
-1.5179148
-224.80548
9.229802
-97.63082
-410.37408
-11.424588
-91.48258
-845.19434
-0.5365448
-57.134422
-1258.8328
-64.75057
91.17531
-409.8482
44.826923
127.72182
-838.9983
105.815216
153.64365
-1258.088
96.23138
-164.99968
-0.32612622
8.505744E-6
-205.19974
-357.77676
14.595349
-196.2581
-675.40735
-74.46002
164.99968
0.32611182
-3.4022971E-6
200.4539
-357.18085
23.059864
231.47705
-650.70935
-124.51579
26.216965
238.4625
-6.95043
0.44427183
-224.79028
9.702098
-90.64197
-412.9839
-9.956796
-92.69632
-847.947
-4.6781936
-55.06506
-1261.7048
-66.22803
91.34926
-410.73145
45.22923
129.4216
-839.54205
107.65477
156.11005
-1258.6443
101.24713
-164.99811
0.7897241
5.1034463E-6
-204.14116
-356.76556
14.900509
-200.89194
-678.20685
-59.697964
164.99811
-0.78970987
-5.1034463E-6
204.006
-358.36435
14.790171
234.02104
-655.88934
-124.77332
26.831148
238.43312
-5.453482
-1.0762846
-224.86505
7.7166123
-89.57362
-414.5323
-9.446054
-94.303856
-849.5044
-8.069423
-54.28399
-1263.7998
-64.26333
85.00037
-414.04974
37.71606
130.76552
-840.19727
112.072464
157.64839
-1259.325
109.03309
-164.99968
0.32688275
1.531034E-5
-206.84825
-356.99387
13.061435
-204.9837
-674.3612
-77.351524
164.99968
-0.32688275
-1.531034E-5
200.14055
-357.95886
21.551851
230.65599
-652.4626
-124.17517
23.663506
238.73416
-6.784956
-0.4454892
-224.84813
8.2533
-88.334366
-414.7526
-9.405617
-98.5124
-849.60376
-14.497328
-52.733383
-1264.1516
-64.03861
86.0188
-413.63342
39.622665
131.82584
-839.5637
115.187775
164.25821
-1258.2799
120.176956
-164.99884
0.61901057
1.1908042E-5
-205.49545
-356.83435
13.678822
-208.36781
-677.75867
-63.128315
164.99884
-0.61899614
-1.7011489E-5
205.97252
-357.60074
22.027067
227.44954
-655.6663
-117.95738
23.603825
238.76892
-5.6796846
-0.8437293
-224.89043
6.969981
-88.88608
-414.97482
-7.743005
-96.68306
-849.8959
-10.546001
-68.124344
-1261.752
-87.74011
85.29594
-414.58636
33.340675
128.94308
-839.57227
115.236374
167.2969
-1257.6416
127.36214
-164.99973
-0.30095217
-2.551723E-5
-208.92111
-357.30124
14.8898535
-210.90063
-676.1434
-70.1735
164.99973
0.30095217
2.551723E-5
210.5172
-355.30832
32.713947
233.69571
-635.5173
-140.04518
22.04295
238.89691
-6.509676
0.410008
-224.79486
9.59717
-89.51307
-414.03253
-4.6488304
-94.95384
-848.99744
-5.605876
-60.22903
-1261.7278
-75.23219
90.29142
-412.17847
39.742073
127.18817
-839.42267
112.72161
168.29933
-1257.1465
127.44096
-164.99995
-0.10615929
3.7425274E-5
-217.71133
-355.81934
17.018862
-207.35046
-676.5527
-59.94079
164.99995
0.10615927
-3.402297E-5
209.73688
-355.83548
30.06883
226.16785
-640.9843
-135.21936
22.021654
238.87616
-7.295988
0.14460987
-224.82857
8.780441
-89.637314
-414.22342
-4.211878
-95.51859
-849.1731
-7.247143
-56.103256
-1261.8298
-74.780914
89.5609
-412.82684
36.373478
127.31277
-839.39575
112.785095
169.48033
-1256.9965
128.00133
-164.99606
1.1407186
3.2321834E-5
-216.8288
-354.32394
23.626888
-209.61653
-666.4495
-83.2637
164.99606
-1.1407038
-2.8919529E-5
205.31735
-356.6921
39.463726
227.43686
-642.0182
-124.85222
22.501434
238.81062
-7.947854
-1.5544496
-224.83855
8.37931
-95.60236
-412.1199
-5.0625715
-93.671745
-847.11456
-6.0178437
-50.886105
-1259.808
-71.236885
89.30686
-412.18964
35.651707
129.87451
-838.0182
114.70442
171.01556
-1255.8113
127.20773
-164.99371
1.4391357
1.7011488E-6
-211.04134
-355.26712
15.499824
-204.48726
-671.11804
-79.8692
164.99371
-1.4391357
-1.7011488E-6
209.77304
-357.2036
32.03829
220.95326
-643.11584
-132.36728
23.151825
238.7954
-6.3835373
-1.9597939
-224.68338
11.770372
-98.37683
-410.79474
-1.1259155
-93.220184
-845.74634
-5.0622115
-47.73279
-1258.8916
-65.40989
90.27134
-410.58432
43.93026
131.0961
-837.51154
116.67304
174.25388
-1255.0697
130.1839
-164.99805
0.8025452
1.8712637E-5
-209.61261
-356.01572
17.037167
-206.93126
-664.6771
-99.671646
164.99805
-0.8025306
-1.5310337E-5
211.99088
-356.6244
27.972708
238.5728
-640.5287
-138.13501
22.726177
238.76614
-8.6168
-1.0924193
-224.59824
13.395426
-97.58382
-410.74005
1.5364056
-90.70497
-845.6447
-4.432921
-46.57746
-1258.5806
-67.17653
92.50386
-409.53632
47.124413
133.81592
-836.6926
118.228615
176.82268
-1254.2637
131.8242
-164.99696
1.0008963
1.531034E-5
-209.53995
-355.31406
25.604109
-225.2572
-666.09033
-84.264206
164.99696
-1.0008963
-1.531034E-5
212.08846
-357.4357
18.347149
237.68744
-638.3687
-152.88757
23.827065
238.76503
-4.850786
-1.3614488
-224.42831
15.971009
-98.41304
-410.4429
7.050969
-90.60118
-845.31323
-0.14522886
-46.289444
-1258.4944
-61.119442
92.18396
-409.15344
50.98363
133.58282
-836.7454
119.36664
174.7043
-1254.6288
128.44962
-164.98029
2.550012
6.804596E-6
-211.62057
-353.65192
23.342218
-226.8938
-667.94916
-76.075874
164.98029
-2.5499976
-3.4022974E-6
201.13254
-360.7025
-4.44565
239.31607
-653.1858
-152.41704
21.494024
239.03487
-0.57854676
-3.4617522
-223.96553
21.271114
-101.85883
-409.47617
19.316889
-90.94008
-844.3005
13.519788
-47.098522
-1257.6028
-46.970474
87.71858
-409.5058
58.162327
130.08316
-837.9125
120.596306
169.92682
-1255.9766
126.50617
-164.98059
2.5298142
5.1034463E-6
-212.06845
-353.24985
28.34709
-201.99318
-658.5898
-96.41672
164.98059
-2.5297995
-3.4022971E-6
199.42938
-360.84076
5.148031
238.23914
-649.08435
-150.7668
20.008923
239.09787
-5.644193
-3.4336736
-223.92523
21.695578
-102.026215
-409.28177
16.956238
-89.739685
-844.0731
11.434337
-48.58494
-1254.5653
-67.321396
87.73565
-408.78345
61.890152
131.84149
-837.83984
118.37262
174.18066
-1255.6173
126.7034
-164.99335
1.4825265
2.551723E-5
-215.1662
-354.50348
18.885712
-215.707
-674.5227
-61.65857
164.99335
-1.4825122
-2.551723E-5
199.16653
-359.75238
8.6538515
249.4626
-636.79315
-163.44704
20.089947
239.09409
-5.5142255
-2.011056
-223.80975
23.024933
-101.1183
-408.83173
16.345325
-87.82607
-843.5836
10.090321
-46.817062
-1256.0593
-57.600636
91.68146
-406.53796
66.9808
134.24294
-836.0576
121.07655
177.23889
-1253.6943
132.51703
-164.99983
0.23629469
1.5310343E-5
-214.54286
-356.15057
11.5711975
-216.5714
-669.9844
-90.43003
164.99983
-0.23629466
-1.1908046E-5
195.60526
-358.84207
8.076116
256.96222
-649.49304
-135.65047
22.254093
238.9274
-4.2957587
-0.32040104
-223.72633
23.904547
-97.585335
-409.74075
17.726255
-84.91868
-844.4574
8.45363
-44.18586
-1257.7634
-54.148254
94.21392
-405.78668
68.81878
138.49358
-834.6492
126.62279
181.26276
-1252.2998
138.40392
-164.99971
-0.3126866
2.5517234E-5
-216.2731
-356.63882
1.6513746
-213.4445
-661.88245
-123.72145
164.99971
0.31268665
-2.8919529E-5
198.1192
-358.14746
3.0663066
249.39987
-657.214
-126.66233
25.032536
238.68323
1.9184773
0.4239425
-223.73427
23.82842
-97.13719
-409.6286
18.81705
-103.481606
-844.24365
1.6552181
-36.982147
-1256.0448
-47.310867
96.57416
-405.26486
67.437805
144.22452
-831.2783
141.37665
186.69101
-1248.9224
154.41826
-164.99525
1.2499737
2.381608E-5
-244.83313
-349.64493
9.934399
-213.66817
-653.66675
-114.562485
164.99525
-1.2499739
-2.7218384E-5
195.56332
-359.94965
0.3881695
245.74582
-646.09937
-156.13686
21.176533
238.99881
-5.5788336
-1.6986926
-224.22067
18.633535
-100.70839
-409.32565
12.869036
-94.11168
-844.11145
0.9213352
-33.24786
-1255.6045
-57.122818
93.09722
-408.09302
54.75405
139.92075
-833.15497
134.47171
185.5199
-1250.3766
150.1834
-164.95345
3.918958
-2.721838E-5
-238.68008
-348.19916
13.312635
-215.12828
-665.9485
-72.5984
164.95345
-3.918944
2.721838E-5
191.21947
-362.95926
0.40160814
238.60117
-659.9198
-135.50073
15.606707
239.21527
-11.510581
-5.32205
-224.00887
20.413324
-102.32765
-410.15875
14.237846
-104.944466
-844.8697
-1.4001923
-39.000885
-1255.6101
-59.225132
81.176544
-411.18533
60.199783
139.88875
-836.583
129.58798
187.1969
-1253.5585
146.7169
-164.94215
4.368861
-1.190804E-5
-206.0199
-353.18973
-8.028851
-190.8153
-669.4807
-100.92032
164.94215
-4.3688483
8.505744E-6
194.92175
-363.11737
-0.85035545
229.96085
-663.58606
-132.72473
17.311502
239.29993
-5.9878125
-5.9276857
-223.79251
22.511705
-101.27813
-410.75803
15.287438
-111.25925
-845.35706
-0.49356747
-42.485855
-1256.14
-54.600433
77.51875
-411.3344
66.83697
143.52612
-835.5333
137.00333
189.05878
-1252.9548
146.27997
0.0
0.0
0.0
1.0
1.0
1.0
0.54000026
0.54000026
0.54000026
1.0
1.0
1.0
0.61
0.61
0.61
0.67000014
0.67000014
0.67000014
1.0
1.0
1.0
0.47685307
0.47685307
0.47685307
0.0
0.0
0.0
0.0
0.0
0.0
0.0
0.0
0.0
0.0
0.0
0.0
0.0
0.0
0.0
0.0
0.0
0.0
0.3019772
0.3019772
0.3019772
8
38
true
throwing
