-163.75351
20.243277
-4.4229862E-5
-348.17154
30.380766
-309.0101
-184.66776
158.33284
-565.515
163.75351
-20.243277
4.4229862E-5
252.93805
-317.0044
-183.24557
110.25224
-30.301178
-262.8824
30.51615
235.24062
36.477615
-26.984337
-218.28352
47.42513
-131.58261
-392.1173
101.65623
-169.18346
-825.2126
117.13639
-144.24944
-1227.3229
-1.5463257
33.72365
-417.57715
73.81823
75.54213
-846.59265
132.31552
71.45096
-1212.577
-73.69098
-162.50038
28.61167
6.804596E-6
-385.577
75.008766
-278.71872
-279.46423
171.74127
-575.84314
162.50038
-28.61167
-6.804596E-6
215.85196
-353.7351
-145.0805
83.39638
-67.38901
-241.83505
21.293783
238.70132
12.971055
-38.35702
-217.84892
41.17742
-145.61136
-385.82404
107.3656
-193.19458
-817.11224
138.2092
-155.02486
-1215.4028
10.507751
7.4039955
-422.78772
43.629726
41.826054
-853.4211
94.571175
71.10332
-1238.1357
-71.3731
-163.2934
23.669956
0.0
-341.33548
59.594334
-310.8222
-293.72977
188.2833
-610.9436
163.2934
-23.669926
0.0
202.77228
-378.08102
-49.3375
119.53371
-80.62167
-165.48088
42.439
235.76382
-14.640837
-31.942726
-220.36517
32.308765
-133.59552
-391.12665
100.18535
-174.96521
-823.5819
122.45604
-132.34564
-1223.1504
0.2733841
19.679165
-423.3389
16.919018
51.040627
-855.04254
60.201996
99.69336
-1255.5723
-56.454872
-163.8324
19.594503
8.5057445E-6
-262.17554
74.0037
-342.00623
-162.61261
160.08939
-644.6223
163.8324
-19.594501
-1.0206961E-5
284.9415
-332.34528
130.84169
236.15938
-38.153534
-10.478973
46.200333
231.26926
-44.49796
-26.715883
-223.3752
3.8444114
-134.65015
-401.96985
27.384687
-175.27496
-834.60236
47.477943
-150.97064
-1235.1542
-76.487854
36.244896
-422.98425
-13.248241
81.826294
-852.70514
36.624493
112.621124
-1260.3324
-59.768955
-163.83801
19.547571
4.082758E-5
-255.3285
47.072227
-347.09058
-166.29062
149.65517
-647.83795
163.83801
-19.54753
-4.593128E-5
258.34503
-349.5893
108.355156
211.14279
-53.812317
-30.165367
46.128006
231.92235
-41.039345
-26.64127
-223.29417
7.412775
-131.86337
-403.33252
32.201904
-171.32843
-836.03094
53.167984
-145.46378
-1238.809
-63.02527
33.58852
-424.09857
-4.833598
81.92952
-853.5252
44.975163
117.995224
-1260.5173
-52.270603
-164.34213
14.719491
1.02068925E-5
-315.50436
-94.073555
-308.08124
-207.3433
63.72564
-576.96893
164.34213
-14.719522
-1.02068925E-5
259.6808
-359.86212
37.244038
174.6318
-79.830475
-115.232025
37.722015
236.3656
-17.559952
-19.9952
-223.24478
19.67134
-115.76525
-407.24707
52.401417
-153.05737
-840.0232
75.62123
-129.76627
-1244.658
-34.507225
42.312843
-423.78607
20.621387
88.9895
-853.0117
73.64649
120.15213
-1253.5868
-48.69931
-164.3891
14.185467
-6.804596E-6
-304.4317
-124.15602
-301.41284
-173.50911
62.86528
-539.70325
164.38908
-14.185498
6.804595E-6
290.7883
-349.27908
-36.544716
177.94229
-85.05832
-198.88132
30.336596
237.90762
-8.925021
-19.237469
-222.9342
23.563923
-112.458755
-408.1765
56.65595
-151.11531
-840.7494
81.3822
-125.94049
-1243.0569
-36.57905
41.593254
-423.7887
31.119843
88.676575
-852.34033
89.01292
122.93129
-1247.1738
-50.03083
-164.75192
9.044458
0.0066941287
-313.74463
-187.51517
-262.22504
-161.45341
24.844925
-463.7457
164.75192
-9.044458
-0.0066941353
357.1612
-254.89957
-179.2661
188.82544
-16.001434
-332.53302
27.457445
238.28018
8.284988
-12.196682
-222.14772
33.565422
-102.596344
-409.46014
62.581963
-140.37349
-842.2667
84.40748
-127.29602
-1239.5336
-51.268806
57.158306
-418.2442
62.480007
106.17625
-846.42377
121.50963
120.64672
-1238.9327
-27.242874
-164.76823
8.742257
-1.7436774E-5
-286.5816
-308.26776
-119.441
-190.55673
-75.31036
-332.53738
164.76823
-8.742256
1.7862061E-5
326.1891
-158.33939
-284.89294
141.39941
44.688522
-468.01163
17.8142
238.51202
19.86641
-11.698175
-220.47946
43.32393
-103.74615
-406.5852
74.816956
-142.68074
-839.3235
95.95114
-130.0412
-1241.6892
-23.807259
59.427307
-413.34894
86.2487
108.6662
-841.9419
142.00371
115.02584
-1234.5183
-7.138092
-164.85359
6.949109
1.7011485E-5
-281.28528
-330.89362
-43.657307
-199.4461
-112.72217
-277.33136
164.8536
-6.94911
-1.7862063E-5
301.32703
-135.67197
-307.2547
130.97447
46.810104
-523.07947
23.234198
237.7888
22.730038
-9.285989
-220.2924
44.833332
-99.34236
-407.9171
72.883484
-140.71155
-840.8435
82.28334
-111.38637
-1245.9901
-24.469864
63.286858
-411.21515
93.63582
114.30069
-839.85046
147.43538
117.94615
-1236.9906
10.810471
-164.99403
1.4027674
1.1908043E-5
-258.5128
-345.73807
18.640894
-183.01227
-110.57901
-200.21956
164.99403
-1.4027672
-5.103446E-6
271.01355
-68.51843
-337.4246
130.05011
81.52739
-595.3307
27.527905
238.41457
-0.84313977
-1.8966378
-223.08621
29.222355
-86.00851
-415.48553
26.447128
-120.3945
-848.6937
45.768192
-98.53762
-1253.9941
-62.18498
76.44848
-410.9335
80.947
137.93585
-837.95496
136.59737
133.51137
-1244.2004
30.08406
-164.9949
-1.2978216
-2.7218386E-5
-260.01035
-344.9223
49.94265
-179.17438
-113.606705
-171.09726
164.9949
1.297793
3.062068E-5
237.44067
-32.04803
-351.05505
130.09036
102.72435
-632.5019
22.556463
238.71936
-10.211714
1.7612866
-223.91473
22.002127
-79.03853
-417.2886
8.662794
-113.57032
-850.3635
30.541456
-91.15228
-1254.0303
-83.25899
83.361496
-410.8807
71.85323
147.72495
-837.64966
126.17287
131.70906
-1239.7429
5.9043503
-164.98141
2.47629
-1.3609192E-5
-253.49718
-342.242
54.168858
-185.56284
-107.59778
-167.70274
164.98141
-2.47629
1.3609192E-5
196.22339
-29.81834
-357.59802
107.31687
102.16121
-646.69495
9.31019
239.17094
-17.623278
-3.3637567
-224.11015
19.705917
-87.89037
-415.94965
7.342108
-126.96608
-848.8157
25.37292
-110.01162
-1250.1343
-97.32964
73.64693
-414.15466
65.00989
135.41905
-841.14746
120.56462
128.35417
-1246.9089
12.362488
-164.99464
1.3285003
3.4022976E-6
-188.7773
-353.06076
-58.67408
-65.27035
-241.34756
-343.5709
164.99464
-1.328528
-6.804595E-6
254.7103
-166.23239
-307.1772
277.20587
-145.84985
-635.778
3.5524406
237.43735
-34.797726
-1.7905015
-222.37144
34.245213
-89.734764
-410.7921
4.860487
-85.29116
-843.5014
49.221718
-100.06719
-1252.4698
-45.258163
77.22159
-399.02264
115.801605
152.24188
-824.50116
166.44731
232.42102
-1231.7844
230.41315
-164.9775
-2.7252831
-1.7011485E-5
-182.85391
-360.28546
-37.83058
-59.46402
-366.1484
-343.838
164.9775
2.7252839
6.804596E-6
255.05331
-270.96796
-215.82019
311.27673
-348.73785
-531.55865
-3.3834224
235.22185
-47.53143
3.6409445
-220.4096
45.070484
-82.56834
-410.53253
22.239943
-61.943283
-842.6382
67.8943
-81.903366
-1250.3712
-30.874878
87.51089
-390.2254
135.78113
167.33
-816.14014
173.8668
270.5939
-1212.1168
268.4132
-164.99431
-1.3707693
3.4022976E-6
-178.7204
-360.29443
-24.195047
-69.509476
-461.74014
-318.61267
164.99431
1.3707967
-1.02068925E-5
227.42377
-225.17796
-272.7237
244.54793
-231.59229
-602.2167
0.8194666
238.88551
-23.08762
1.8457557
-222.16705
35.544178
-85.24806
-410.9358
5.8620586
-68.49727
-844.0719
42.433846
-84.96214
-1254.1722
-46.70981
85.50037
-395.83658
118.85568
163.35043
-821.81226
160.19632
247.02078
-1226.2507
236.54256
-164.94498
4.2609696
1.02068925E-5
-318.25357
-259.50626
-191.11081
-135.50471
-108.35785
-420.58197
164.94498
-4.260969
-6.8045947E-6
265.46765
-174.55812
-300.82233
161.22946
-25.491547
-576.165
4.517977
239.10318
-20.229908
-5.757737
-222.8868
30.22127
-99.335205
-410.54187
18.870598
-83.44772
-840.49176
83.024345
-101.02154
-1251.4186
-2.0069275
74.59601
-407.2968
90.522354
132.84631
-834.90936
145.10645
229.49338
-1235.8778
224.37598
-164.80481
8.023229
-6.8045947E-6
-355.66388
-182.87784
-238.17978
-158.19815
-5.9710693
-434.6773
164.80481
-8.023231
5.9540207E-6
248.72816
-227.55707
-272.69354
106.529526
-37.253998
-501.7444
9.692623
238.87486
-21.09156
-10.819418
-222.24107
33.419266
-108.36938
-407.6045
48.399757
-105.27986
-839.34454
101.46567
-115.81278
-1249.3293
10.903435
66.914085
-412.8934
74.7617
109.58811
-842.1864
130.54211
195.43547
-1246.6545
204.26996
-164.47282
13.179188
-2.8919523E-5
-357.53516
-26.849384
-301.20535
-153.10022
113.065384
-519.2196
164.47282
-13.179194
3.572413E-5
264.89478
-330.3921
-137.446
98.0518
-123.097595
-332.61877
17.01413
238.5412
-20.214148
-17.74679
-221.47586
35.4753
-118.311554
-399.55353
83.17294
-126.10271
-832.8157
121.228035
-123.48189
-1242.8829
30.464859
54.965828
-418.12946
47.317677
80.20397
-847.9032
109.62801
155.54536
-1256.9692
167.83963
-163.98277
18.293463
-1.0206892E-5
-343.19403
46.636883
-310.93402
-264.17908
114.51109
-624.063
163.98277
-18.293465
1.7011489E-5
227.26144
-371.5047
-28.941813
51.91519
-154.26265
-204.89519
25.009731
237.9219
-19.175123
-24.657082
-221.02596
34.125637
-125.61211
-388.18884
111.356766
-146.52768
-821.93677
136.858
-125.903336
-1233.6777
56.583443
41.175385
-418.94617
9.760191
38.25298
-847.025
86.99351
96.35516
-1260.4846
132.54953
-163.74945
20.276068
0.0
-337.78198
62.759888
-312.2624
-345.32385
97.57187
-640.3344
163.74945
-20.276064
-6.804595E-6
196.62874
-377.27264
32.74735
34.66359
-152.553
-146.6081
26.506105
237.72224
-19.635616
-27.353252
-220.90446
32.833206
-127.729324
-382.78284
121.26418
-159.97324
-815.75354
148.1286
-116.314835
-1226.3745
71.419266
35.2445
-417.232
-7.6268845
11.077784
-842.80414
79.14475
60.844673
-1258.8113
108.491776
-163.61043
21.368864
6.804595E-6
-361.14954
68.20933
-297.29492
-415.18774
96.29477
-621.62665
163.61043
-21.368864
-6.804595E-6
198.84456
-375.1325
56.65539
36.614548
-153.42435
-126.1749
28.099518
237.32184
-22.108
-28.852795
-220.91083
31.478825
-128.83072
-379.79153
125.613464
-165.69417
-812.2585
154.5692
-123.86177
-1225.8354
94.5345
31.799156
-415.66144
-18.456505
-12.750488
-838.1935
74.85495
26.901299
-1255.8372
94.89288
-163.51282
22.103382
-1.360919E-5
-388.82022
66.73714
-277.20822
-470.58795
93.88878
-595.7625
163.51282
-22.103325
6.804595E-6
201.7347
-375.28363
58.333237
39.396057
-149.55981
-119.41635
29.041574
236.9501
-24.72312
-29.855612
-220.86087
30.888903
-129.6722
-377.94128
128.16377
-167.85284
-810.1321
159.4424
-118.78342
-1222.8048
98.66914
29.53118
-414.65955
-24.022669
-27.484465
-835.7538
69.00349
2.149006
-1254.5171
81.61979
-163.54004
21.901058
-6.804595E-6
-388.86407
45.575706
-279.76523
-449.66434
92.64809
-600.6819
163.54004
-21.901
6.8045947E-6
207.12962
-378.45956
23.789667
45.53366
-143.68468
-142.54579
28.524487
237.09875
-23.885891
-29.578617
-220.86983
31.09053
-129.55197
-378.37775
127.50929
-165.20648
-811.02
155.33757
-119.891846
-1224.0393
94.00534
30.29763
-414.91113
-22.414597
-22.633278
-835.15906
76.65586
12.016384
-1253.5356
89.322975
-163.6652
20.945217
0.0
-377.9345
-10.803404
-287.54248
-370.7361
82.36522
-604.0354
163.6652
-20.945217
0.0
213.48225
-377.12418
-15.962987
62.97554
-128.32155
-171.99179
27.066587
237.62552
-20.037704
-28.27665
-220.95267
31.707218
-128.94975
-381.523
122.16211
-161.2891
-814.92444
140.66481
-120.77673
-1229.4036
86.20536
33.414604
-416.60205
-13.187103
0.06304169
-836.79517
94.28564
48.16668
-1253.3777
117.63259
-164.03972
17.77554
-1.7011489E-5
-354.6798
-81.27782
-288.86813
-269.5802
71.99335
-568.44995
164.03972
-17.775536
1.360919E-5
248.7218
-360.45615
-70.703285
83.445694
-113.851364
-214.82089
24.804352
237.9314
-19.323364
-23.982977
-221.3245
32.638668
-124.24443
-388.3603
111.03949
-154.70189
-821.3583
139.5021
-120.97391
-1232.4061
60.116264
42.40206
-418.5287
4.2920113
28.284912
-839.11487
114.441635
97.13481
-1252.156
146.94756
-164.48846
12.982463
3.912642E-5
-310.25568
-189.46414
-259.55206
-166.29106
20.353592
-469.6728
164.48846
-12.982524
-3.2321837E-5
309.10168
-282.2652
-190.19427
110.434814
-63.11322
-336.495
20.522688
238.27216
-20.129515
-17.501144
-221.74002
33.912716
-117.46944
-399.24542
84.88497
-141.66919
-832.1488
120.01385
-117.888565
-1244.0303
41.349365
55.54274
-418.54907
39.46191
67.58051
-842.3498
136.79147
154.27304
-1248.7334
197.92026
-164.69376
10.048232
-2.190242E-5
-294.07617
-249.04851
-213.8436
-142.47136
-23.40297
-400.92664
164.69376
-10.048236
2.2753004E-5
317.84332
-199.38232
-265.13736
104.7473
-12.218124
-433.83728
16.308355
238.84491
-16.945421
-13.559017
-222.23625
32.437622
-112.37483
-405.08658
62.45755
-124.81672
-836.43066
117.34363
-114.61647
-1245.7014
23.57022
62.536976
-416.36188
57.43049
90.58237
-841.2845
146.1954
184.40552
-1243.2137
223.97757
-164.83684
7.3360324
0.0
-280.0987
-288.18124
-170.24765
-121.28546
-56.196457
-343.0522
164.83684
-7.3360305
3.4022974E-6
308.5936
-123.56486
-308.90915
102.659744
28.122856
-517.43274
12.492388
239.15343
-15.798117
-9.90332
-222.52309
31.786863
-106.78969
-408.59753
41.238075
-109.30311
-839.0513
103.914215
-110.812
-1249.6799
15.6998825
68.383675
-412.37823
75.67499
110.3293
-837.7439
156.4813
200.45709
-1239.3467
240.10057
-164.95332
3.924376
0.0
-255.05103
-320.0239
-128.60767
-95.606186
-83.53259
-294.58722
164.95332
-3.9244032
6.8045947E-6
308.42212
-75.4375
-322.33923
154.70415
42.913467
-589.2921
8.454638
239.35992
-15.341018
-5.3034005
-222.91815
30.072742
-98.28438
-410.64032
15.412499
-84.25808
-838.4192
93.08822
-99.17662
-1248.073
1.64888
74.97481
-406.45776
93.06973
132.80916
-831.12555
167.48387
219.10611
-1234.5824
246.06737
-164.99536
1.2371422
1.3609193E-5
-238.0588
-338.30307
-94.73216
-79.23543
-101.70279
-261.1516
164.99536
-1.2371417
6.8045942E-6
313.10046
-15.70821
-327.80402
252.4094
63.426815
-642.3739
3.6910808
239.69414
-11.536561
-1.6782398
-223.82214
22.931004
-89.818214
-409.96515
-18.082626
-58.79985
-835.277
67.78165
-85.77318
-1246.1522
-15.00692
79.52645
-402.18555
98.37833
147.52269
-826.4592
166.15276
245.75574
-1224.8115
255.9624
-164.98863
-1.937054
6.8045965E-6
-223.62477
-348.8152
-76.40256
-71.08765
-103.821655
-236.43564
164.98863
1.9370534
2.0413783E-5
311.00455
24.056448
-328.314
355.897
79.272
-650.5498
-2.684485
239.59201
-13.72806
2.6334715
-224.30128
17.52136
-80.027855
-407.99426
-41.841957
-28.22559
-828.9723
54.693222
-76.245575
-1237.0211
-32.42861
85.71533
-397.91687
101.5156
158.04347
-822.433
162.99464
261.25043
-1217.9368
259.5609
-164.97281
-2.995526
0.0
-219.29565
-349.28802
-82.0397
-64.545425
-98.222824
-230.08914
164.97281
2.995526
0.0
331.67914
21.035583
-318.56482
382.75107
74.54144
-640.1683
-5.0262284
239.55652
-13.690093
4.074135
-224.37628
16.238514
-77.05669
-407.60876
-46.559948
-18.998611
-826.4584
55.514996
-76.91141
-1231.4751
-39.39291
88.08094
-396.898
101.55626
161.90665
-820.985
164.20601
261.7666
-1217.5671
259.86487
-164.97939
-2.6084247
0.0
-233.39294
-344.8888
-88.112045
-75.835846
-87.68564
-221.98627
164.97939
2.6084244
6.8045947E-6
351.1303
-6.690427
-307.99573
360.37384
60.22214
-631.00854
-5.4415517
239.43956
-15.462417
3.5467064
-224.3252
17.047823
-78.34267
-407.8108
-44.002785
-22.715717
-826.943
58.265533
-78.0464
-1233.347
-32.146248
87.34441
-397.18573
101.88404
161.45354
-821.1329
165.14285
262.3449
-1217.1234
262.1607
-164.99998
0.08122946
0.0
-267.93448
-321.56732
-124.68637
-90.557144
-65.51395
-233.65405
164.99998
-0.08125682
6.8045947E-6
355.08203
-110.704254
-285.01117
277.07724
16.907074
-579.172
0.7379897
239.4942
-15.555872
-0.11028495
-224.10994
19.992987
-86.27849
-408.8448
-30.485525
-43.06991
-831.39734
63.36207
-89.98703
-1238.4849
-28.71682
81.87001
-400.3189
99.55195
148.29916
-826.54095
155.6493
255.80212
-1221.2955
250.58058
-164.98837
1.9591908
2.0413789E-5
-307.63928
-260.66733
-200.69383
-99.48753
-20.144135
-288.56555
164.98837
-1.9591902
-3.4022967E-6
323.19467
-185.769
-266.054
194.67616
-12.493225
-515.7708
1.8002334
238.85736
-23.32201
-2.6511154
-223.2548
27.843616
-92.839645
-410.58167
-1.7314682
-66.6966
-836.5393
82.53996
-103.950874
-1243.7513
-13.327057
78.59303
-402.79108
100.41159
139.86458
-830.1555
153.61374
242.29056
-1228.8052
237.20438
-164.88239
6.2289524
2.3816221E-5
-335.48077
-173.13235
-261.3918
-101.7536
32.667953
-370.56064
164.88239
-6.2289796
-2.0413785E-5
292.9831
-261.9653
-218.60728
147.37595
-59.881775
-435.08087
6.5007844
238.64644
-24.609194
-8.407458
-222.54892
32.035843
-104.22787
-409.36496
27.767508
-90.848785
-838.89
95.25239
-109.01939
-1249.8639
10.5746765
70.02219
-408.88074
88.86232
124.773506
-837.1427
141.95645
216.85797
-1239.9349
217.3146
-164.66167
10.561153
1.40344755E-5
-341.98956
-87.439865
-297.57455
-109.941284
80.29985
-461.6385
164.66167
-10.561128
-1.5310341E-5
267.17996
-321.43234
-149.83022
109.59392
-109.61136
-347.81635
12.121606
238.63742
-22.477676
-14.224419
-221.77621
35.18482
-114.0751
-404.83817
60.047745
-113.66517
-836.29175
115.478714
-114.921425
-1248.0166
32.526306
60.906013
-414.76968
69.95463
103.08516
-843.2766
131.82338
190.54224
-1248.7305
197.84158
-164.34322
14.707404
-2.3816223E-5
-351.12665
-13.083398
-306.49576
-169.87015
104.63789
-555.8705
164.34322
-14.70743
2.2115073E-5
238.66144
-352.859
-98.642334
67.64331
-139.05711
-282.8747
18.08851
238.57318
-18.858345
-19.78332
-221.06206
36.948456
-120.42484
-395.7409
95.75815
-128.17473
-828.00366
143.86018
-114.354225
-1237.9723
53.667534
51.07412
-418.73456
39.141155
74.954185
-846.6671
113.49501
153.24866
-1255.3694
170.34894
-163.83736
19.553072
-6.804595E-6
-362.9359
58.55243
-297.38663
-341.2204
113.63077
-622.0323
163.83736
-19.55307
0.0
229.48093
-372.91278
-20.684208
53.961273
-159.48352
-201.07489
24.194284
237.69223
-22.738432
-26.32928
-220.61534
35.505417
-125.5455
-382.18893
125.78341
-150.42955
-815.1664
159.49261
-106.62876
-1224.9236
78.37187
37.269188
-417.03937
-2.8722038
22.03164
-844.1129
78.37431
75.35288
-1259.6758
107.77309
-163.72897
20.440733
-1.360919E-5
-355.71423
68.78651
-300.67316
-398.07175
102.349815
-626.21783
163.72897
-20.440678
1.360919E-5
235.24524
-371.57465
34.50173
70.89874
-161.7172
-160.04922
25.640352
237.60155
-22.092564
-27.585543
-220.95824
32.272205
-126.36862
-380.38385
126.74646
-149.91498
-814.2591
147.30943
-107.15633
-1227.2343
83.8808
33.98642
-415.64008
-16.797874
5.635063
-841.5049
67.22813
43.551605
-1259.1199
90.8927
-163.75504
20.230886
-1.3609193E-5
-358.17047
67.369286
-299.3002
-416.37372
98.53947
-622.6279
163.75504
-20.230885
6.804596E-6
214.78737
-364.3854
92.48444
88.62677
-153.31863
-127.59356
25.141611
237.76042
-20.925512
-27.33329
-221.24388
30.480066
-125.95639
-380.26593
125.797806
-152.05273
-813.71466
151.60837
-102.17734
-1224.5957
80.269516
34.513474
-414.7918
-22.568686
-1.7031326
-838.75903
67.79258
33.36402
-1257.211
76.05173
-163.77713
20.051271
-6.804596E-6
-369.01978
68.49028
-291.76895
-436.6683
104.32237
-612.76697
163.77713
-20.051271
6.804596E-6
212.87738
-363.63742
95.59139
91.128105
-150.63635
-125.10673
24.546984
237.89343
-20.10359
-27.107403
-221.41072
29.452974
-125.480865
-380.25934
125.31632
-149.87119
-813.9541
148.53238
-100.26431
-1225.3538
80.05274
34.849255
-414.27283
-25.91471
-6.0248375
-837.95795
63.78048
26.509571
-1256.6866
66.57001
-163.69041
20.747213
6.804595E-6
-390.74728
30.802807
-279.18463
-434.41827
100.35654
-598.80176
163.69043
-20.74716
0.0
222.18347
-372.9909
45.85757
80.09389
-146.74084
-147.84702
25.687027
237.60059
-22.048489
-28.024818
-221.10905
30.828508
-126.95825
-379.23068
127.31543
-152.74295
-812.6987
153.11421
-101.227585
-1223.1187
80.30169
33.28993
-414.558
-23.19008
-7.0121765
-837.9742
68.02105
24.290388
-1256.7365
75.6592
-163.67023
20.9059
-2.0413789E-5
-388.6012
-45.58972
-273.10147
-366.09857
93.16914
-571.66406
163.67023
-20.905895
0.0
227.74603
-374.8194
-15.476637
76.4917
-135.53084
-185.07353
25.351603
237.71686
-21.165878
-28.192837
-220.7192
33.36463
-127.944336
-379.64886
127.656685
-150.97314
-813.338
152.32187
-102.745895
-1223.1805
74.19848
33.534866
-415.82803
-13.775936
6.6863117
-839.03406
83.18199
44.372
-1256.9878
100.34215
-163.90059
19.01575
-1.3609192E-5
-366.15204
-124.13612
-261.1549
-273.41064
68.98149
-512.1621
163.90059
-19.015722
6.804595E-6
247.7469
-358.18973
-86.7801
83.84114
-114.10788
-236.64319
23.733261
238.1033
-18.535036
-25.630486
-220.91382
34.134457
-125.96741
-385.05634
118.33505
-142.22768
-818.98804
144.10178
-106.735374
-1230.2876
66.81688
39.148384
-417.93036
1.1468086
36.390583
-841.3767
100.69867
85.16437
-1256.5342
141.50867
-164.42894
13.715778
-6.804596E-6
-314.33832
-234.67496
-213.14133
-181.32729
5.333725
-396.455
164.42894
-13.715747
1.7011486E-6
299.27512
-265.12585
-219.56656
100.20143
-48.430115
-368.94064
20.22007
238.66159
-15.224712
-18.500257
-221.78795
33.05823
-119.16683
-399.52402
81.80385
-122.42931
-831.31506
134.44276
-113.4959
-1242.3955
48.809746
53.25467
-419.0404
39.592102
82.04614
-842.32336
135.65231
172.22336
-1245.9597
208.76678
-164.69333
10.055085
-1.2248273E-4
-297.81824
-305.28067
-111.53987
-147.64316
-67.13078
-283.67957
164.69333
-10.055109
1.2460913E-4
284.99518
-128.93677
-317.79636
76.776276
33.471863
-515.70624
16.290073
239.11359
-12.622168
-13.56863
-222.24252
32.390606
-113.10649
-406.0239
52.802025
-102.69375
-835.05536
123.85534
-107.472244
-1242.6158
22.50618
62.197445
-415.05045
66.8087
109.942856
-838.2011
155.62823
209.4768
-1238.1111
236.65297
-164.9049
5.600967
1.701149E-5
-270.28302
-330.85352
-72.7588
-107.73659
-101.84323
-246.05896
164.9049
-5.6009927
-1.0206959E-5
299.64062
-63.298046
-328.812
146.68872
62.196697
-592.9271
10.354187
239.5441
-10.555107
-7.571961
-222.93645
29.444902
-102.35023
-409.91016
16.878712
-75.24995
-835.51
102.64195
-96.95155
-1243.5056
5.3349915
71.00366
-408.1371
89.6661
134.96896
-829.9964
174.33109
239.92694
-1226.8872
262.9964
-164.99194
1.6295804
-6.8045947E-6
-257.18402
-342.56903
-51.26342
-84.569565
-119.65485
-222.76712
164.99196
-1.6295531
0.0
310.26215
-6.540592
-329.35156
249.20271
86.566864
-640.0005
2.7227495
239.54182
-14.57067
-2.2081802
-223.57402
25.194826
-90.93563
-409.80334
-14.12549
-45.9299
-831.7179
81.72636
-75.85057
-1241.0098
-7.6322327
78.30092
-401.5229
102.34719
155.04408
-823.1223
177.10934
264.41357
-1216.2697
276.47473
-164.9959
-1.1653099
6.804596E-6
-251.0266
-348.45963
-39.816925
-71.401825
-121.95773
-198.97673
164.9959
1.1653098
6.8045947E-6
295.40625
17.006746
-335.17487
310.48062
94.05027
-655.70105
-1.3796201
239.57025
-14.289399
1.5824513
-224.04721
20.623915
-82.58648
-408.656
-33.553375
-28.789951
-829.0364
64.483765
-63.463978
-1240.0883
-14.472549
83.966774
-398.18256
104.22838
161.68896
-820.8237
171.74643
263.3653
-1217.7139
264.1594
-164.98349
-2.3338854
0.0
-242.88211
-351.03986
-43.999577
-66.07051
-114.86662
-191.8504
164.98349
2.3339126
1.360919E-5
304.65326
22.549978
-331.18524
344.084
96.08219
-650.4629
-3.8573048
239.55302
-14.123274
3.1720386
-224.2315
18.307734
-79.14484
-407.8034
-41.902626
-22.00005
-827.95135
55.232224
-64.75899
-1238.4878
-22.430618
86.52364
-396.85828
104.054474
165.41507
-819.213
172.00758
259.99
-1219.4968
257.02765
-164.99075
-1.7469606
-6.804595E-6
-253.28738
-346.00656
-57.350037
-74.755646
-107.05655
-198.5213
164.99075
1.7469879
1.3609189E-5
322.22266
3.3845212
-323.8448
342.8019
83.066734
-643.41833
-4.122206
239.48555
-15.155164
2.3746052
-224.26729
17.987331
-80.68877
-407.31927
-42.778183
-23.622242
-827.0791
56.06546
-65.8925
-1237.5938
-21.979134
85.25475
-397.09375
103.7888
167.32394
-818.30396
175.00409
252.08894
-1223.0623
248.3912
-164.99977
-0.271879
-6.8045947E-6
-268.8984
-336.78552
-74.58975
-92.84358
-90.30272
-205.5513
164.99977
0.27190635
6.8045947E-6
343.62683
-46.43991
-309.04755
307.70068
62.069435
-618.6199
-2.0963116
239.54535
-14.616162
0.36959198
-224.2534
18.31062
-84.74185
-407.42508
-39.171364
-32.688396
-828.0916
58.57888
-76.93231
-1236.2045
-30.226143
82.163216
-398.777
101.685165
163.79247
-820.4817
170.43732
247.17914
-1225.8877
241.79958
-164.98477
2.242307
-6.8045947E-6
-281.73474
-317.77908
-116.42916
-94.74936
-68.79678
-225.71909
164.98476
-2.2423074
-1.3609192E-5
336.97235
-126.79473
-290.7008
248.56876
28.39605
-568.1907
1.3318982
239.32652
-17.917706
-3.0434885
-223.9341
21.6624
-92.15154
-407.91736
-26.399258
-46.0405
-829.31244
71.196594
-82.68736
-1237.5891
-20.275444
76.85849
-401.02222
101.38358
155.00162
-824.314
164.17456
244.94907
-1227.7327
238.7594
-164.89238
5.9583755
1.02069625E-5
-308.1607
-270.39523
-180.83937
-97.45068
-30.995468
-265.6275
164.89238
-5.9583755
0.0
320.28363
-205.35167
-256.31207
196.05122
-5.1557007
-487.37027
6.6651926
239.36508
-16.122326
-8.079411
-223.591
23.807266
-102.42642
-408.09006
-10.233013
-55.115532
-828.9889
88.91763
-92.6598
-1234.6084
-13.372185
69.01904
-405.71088
94.4343
150.4236
-827.7942
161.09714
238.12003
-1232.1326
233.34525
-164.62947
11.051671
1.7011489E-5
-337.5277
-150.88759
-271.07538
-91.58284
33.97171
-390.39917
164.62947
-11.051671
-1.7011489E-5
285.85608
-308.9209
-161.79626
153.19559
-82.29524
-361.65125
13.089846
239.03247
-17.09178
-14.927262
-222.36137
30.945055
-116.14554
-406.34592
33.07907
-89.40722
-833.93054
108.45442
-97.00445
-1242.7212
12.36866
58.678307
-412.7572
80.25686
126.24865
-837.53284
145.25592
223.40927
-1239.7433
217.27374
-164.20055
16.222897
-2.0413792E-5
-355.2154
-79.936386
-289.59753
-135.61595
65.71364
-488.24835
164.20055
-16.222862
1.6160913E-5
251.56435
-349.8893
-103.12255
102.15097
-128.2448
-296.6409
19.371708
238.61948
-16.896198
-21.818542
-220.8373
37.146233
-126.261894
-397.90833
80.01159
-113.44908
-829.04376
136.43018
-100.675316
-1238.6511
44.459473
47.100967
-418.20557
57.042725
100.886246
-843.9281
128.40442
184.02815
-1253.1414
173.48175
-163.80167
19.84972
0.0
-359.0797
-18.232334
-300.02707
-212.24075
84.62973
-577.07886
163.80168
-19.8497
1.3609193E-5
239.2706
-370.21426
-33.898514
81.00893
-159.63303
-232.66666
24.295813
238.18254
-16.696955
-26.666594
-220.05518
38.59551
-130.43927
-388.2567
109.58478
-129.4425
-822.46326
135.82722
-99.45083
-1235.4453
65.49732
37.657455
-419.75772
29.578447
67.21867
-846.8456
106.69576
141.54898
-1259.1677
136.11493
-163.2682
23.843155
1.360919E-5
-379.67715
40.06269
-287.23526
-360.29178
93.65262
-612.2773
163.26819
-23.843185
6.804596E-6
245.94211
-374.0434
-11.171931
68.12431
-167.71478
-197.47636
29.036793
236.86855
-25.498184
-32.005943
-219.16307
39.600136
-134.04709
-376.99927
133.27689
-136.00185
-811.8932
142.67955
-91.20722
-1222.977
69.17109
25.949692
-417.7995
3.7572517
28.475628
-846.7826
75.81378
85.03723
-1262.9044
82.4036
-163.10419
24.940397
-6.804595E-6
-359.04736
70.3498
-298.57034
-399.4894
105.681244
-624.1715
163.10419
-24.940397
6.804595E-6
251.26678
-371.5765
40.87489
85.14879
-172.32268
-163.09256
31.080097
236.3668
-27.654345
-33.490204
-219.01804
39.17281
-135.81586
-374.04297
137.13574
-137.7493
-809.0338
139.19173
-91.147095
-1220.1058
66.74833
23.337273
-416.6835
-3.2417946
14.638971
-845.5602
68.96709
64.35591
-1262.5837
64.546875
-163.09041
25.030348
-6.804595E-6
-352.62363
66.49224
-303.2459
-424.717
98.69609
-623.6604
163.09041
-25.030321
6.804595E-6
219.01924
-360.80228
117.17155
84.025406
-163.89058
-110.64954
31.454445
236.27295
-28.030441
-33.652004
-219.26602
37.61592
-135.78485
-373.31738
137.3007
-141.67238
-808.2445
142.65773
-89.06002
-1218.2737
68.44201
23.058495
-415.83795
-9.748512
5.632221
-844.9784
59.242935
39.297386
-1263.6118
62.813705
-163.1228
24.818373
1.3609189E-5
-362.31934
54.75811
-298.3695
-428.14313
97.359245
-618.9196
163.1228
-24.818348
0.0
214.1556
-361.1002
117.94143
88.411476
-158.44722
-110.13793
30.953493
236.33395
-28.073904
-33.368687
-219.32181
37.542927
-135.3775
-373.513
137.13852
-142.88794
-808.40015
143.60123
-91.87482
-1218.5035
68.6823
23.6604
-415.7998
-9.828804
4.4866333
-844.3767
62.137573
37.617744
-1263.0195
68.4995
-163.18803
24.385775
-2.0413823E-5
-383.10614
11.296924
-284.71872
-415.94858
85.96811
-604.4774
163.18803
-24.385773
6.8045947E-6
234.82037
-371.62558
62.39652
88.62396
-156.06116
-140.23268
29.828154
236.6599
-26.502426
-32.781704
-219.37328
37.758778
-134.75592
-374.3133
136.22122
-140.11087
-809.271
139.07277
-92.43705
-1219.8254
64.42479
24.940678
-416.09277
-7.733719
7.4977226
-843.82294
69.51685
48.88429
-1261.7664
72.75685
-163.32991
23.416643
-6.8045942E-6
-391.92487
-64.50256
-263.8457
-368.23163
64.44797
-566.683
163.32991
-23.416702
1.360919E-5
245.85905
-373.6336
-11.706463
87.307846
-141.08118
-183.98784
29.052437
236.92087
-24.989248
-31.472555
-219.51938
38.022568
-133.48033
-376.4275
133.28146
-138.1134
-811.393
136.20326
-94.78264
-1222.4253
61.53842
27.761545
-416.82513
-2.7421036
17.985046
-843.5424
81.17308
71.27933
-1260.1459
82.29591
-164.00682
18.076656
6.804597E-6
-334.7508
-167.40889
-256.98566
-204.27846
20.9057
-494.5032
164.00682
-18.076681
-2.0413785E-5
282.23386
-333.19815
-127.75308
101.91771
-104.68077
-283.20685
23.08046
238.20146
-18.093056
-24.335081
-220.78845
35.850525
-126.979004
-390.73297
104.283615
-130.10828
-825.2005
125.57151
-104.19087
-1236.4513
44.324722
42.390114
-419.60977
24.995613
66.59348
-842.8496
122.50058
141.54443
-1254.3973
160.06119
-164.38454
14.238047
-1.3609189E-5
-314.91858
-227.34755
-220.39943
-155.77188
-23.1763
-425.06116
164.38454
-14.238078
1.531034E-5
306.41748
-269.1345
-210.84224
111.06265
-57.372696
-371.7566
19.313425
238.84727
-13.378086
-19.208832
-221.77501
32.739376
-121.14285
-400.2802
75.696915
-116.56315
-832.66583
123.096565
-104.56653
-1242.2786
31.04525
51.901672
-418.99313
44.917538
90.57343
-842.8436
134.8079
179.78943
-1249.318
191.54529
-164.57286
11.86475
2.0796542E-4
-301.8557
-276.98874
-165.27858
-142.21017
-62.8114
-359.03458
164.57286
-11.864725
-2.0817811E-4
303.96558
-193.01788
-278.12466
102.42601
-8.314178
-462.96606
16.702818
239.14218
-11.490473
-16.02127
-222.22644
31.364395
-117.17922
-404.65662
55.578114
-106.950264
-835.3667
115.654785
-100.50624
-1244.7534
22.054878
57.70656
-416.71155
60.342926
107.60571
-840.6301
144.17685
203.89551
-1244.0006
210.66379
-164.7373
9.307119
1.0206895E-5
-283.9015
-312.3106
-109.370636
-121.74228
-99.76907
-302.84024
164.7373
-9.307117
-6.804595E-6
298.98828
-113.83693
-317.25415
108.85666
29.320038
-545.85
16.004852
239.27686
-9.509717
-12.580939
-222.68454
29.63643
-111.78724
-407.73605
33.38433
-91.36294
-836.4137
104.40087
-94.346146
-1244.7112
5.9920425
63.298325
-413.08368
75.358505
124.638
-835.53796
158.99344
223.50827
-1237.9111
227.69968
-164.91563
5.2758403
-1.3609189E-5
-254.91643
-336.1247
-70.32449
-85.792755
-129.89665
-264.6623
164.91563
-5.2758403
1.0206892E-5
312.16968
-64.88523
-323.05255
190.93985
40.216095
-611.4221
10.777342
239.6013
-8.663783
-7.1488504
-223.46422
25.251432
-100.96968
-409.49704
-1.0058708
-65.85117
-835.37354
80.362854
-85.61432
-1244.7432
-11.430206
71.066185
-406.8523
91.21528
143.64194
-829.27893
165.46848
248.30527
-1225.6666
256.69543
-164.98355
2.3301404
-6.8045942E-6
-233.69254
-343.79782
-71.23564
-54.662933
-134.33034
-252.81696
164.98355
-2.3301687
-2.0413789E-5
308.74652
-22.408615
-329.43753
276.10727
54.400932
-648.7101
4.712049
239.67207
-11.622978
-3.1630943
-223.95752
21.40158
-92.11415
-408.5573
-24.539898
-45.994625
-831.3722
66.704544
-77.41928
-1241.5188
-18.10228
76.54988
-402.08167
98.975006
152.12802
-825.34393
165.02036
255.30435
-1221.4478
259.12894
-164.99965
0.33823013
6.8045947E-6
-233.84698
-349.81055
-47.495975
-46.58304
-148.50136
-229.99757
164.99965
-0.3382302
-1.3609192E-5
298.40094
-7.093691
-334.30295
331.01523
65.913826
-654.4689
-0.42937684
239.65602
-12.837837
-0.4596215
-224.25464
18.293417
-86.182205
-407.5677
-37.813377
-31.156258
-827.97534
59.42093
-71.90929
-1237.516
-24.338272
80.68595
-399.65012
100.462906
159.15927
-822.74945
164.13316
257.10535
-1220.6458
256.24777
-164.99986
-0.21474367
-2.7218377E-5
-224.12079
-350.172
-60.288147
-42.360992
-126.17093
-220.55952
164.99986
0.21474376
-6.8045965E-6
328.35852
-9.63563
-320.65076
359.24878
67.10244
-640.11444
-0.29897997
239.75543
-10.827624
0.2920257
-224.38068
16.680079
-84.45241
-406.7217
-43.901512
-26.251476
-826.2402
55.304993
-72.27018
-1235.0242
-29.41793
81.87626
-398.73322
100.61579
161.64258
-821.12463
167.30777
268.8727
-1215.4998
264.10648
-164.99953
0.39234713
2.7218384E-5
-229.70486
-344.6866
-79.58476
-48.688126
-115.772675
-233.63455
164.99953
-0.392347
-6.8045942E-6
357.56335
-53.609303
-299.47812
334.56052
51.838238
-611.33014
0.4929683
239.73448
-11.275535
-0.53347814
-224.38094
16.67064
-86.08734
-406.57797
-43.202347
-30.880608
-826.7636
54.88559
-72.80836
-1235.7429
-31.009628
80.57215
-399.2616
99.969086
160.41708
-821.76685
165.841
264.48697
-1217.4493
260.73486
-164.98654
2.1079814
1.3609192E-5
-260.12268
-324.63364
-117.4267
-64.03581
-94.028885
-248.84734
164.98653
-2.1080081
-6.8045947E-6
357.59058
-125.7078
-277.89706
281.1867
31.277687
-557.9292
1.1453646
239.56654
-14.372329
-2.8642168
-224.17767
19.00448
-91.178375
-407.11987
-34.219185
-40.125347
-827.9929
63.169304
-78.042755
-1236.6152
-26.218155
76.95051
-400.90982
99.59828
158.35217
-823.3711
163.82648
256.4766
-1222.3523
250.92157
-164.86198
6.747383
-1.0206892E-5
-298.088
-273.98718
-181.76616
-81.33211
-53.191055
-296.50906
164.86198
-6.7474117
0.0
328.649
-204.89037
-252.01823
197.66531
-6.618164
-480.99728
7.044031
239.44305
-14.744652
-9.154354
-223.67181
22.630045
-104.2903
-407.6042
-12.270372
-67.32498
-832.302
74.276535
-83.26821
-1243.9889
-7.33062
67.173325
-406.4779
92.31521
149.12793
-829.3733
152.87852
247.0841
-1228.686
238.6337
-164.6904
10.102968
1.3609189E-5
-319.6021
-199.96378
-247.94017
-83.845184
-5.4665527
-372.39703
164.6904
-10.102941
-1.3609189E-5
305.0033
-286.6804
-182.80376
164.00182
-64.9321
-382.41907
11.749023
239.31635
-13.771469
-13.682897
-223.0475
26.222002
-113.5225
-407.39423
14.042584
-84.24554
-834.4293
91.55933
-92.221664
-1245.9385
7.913948
60.336224
-411.7425
81.13441
136.49767
-834.6442
148.79956
231.4866
-1236.6796
224.59305
-164.25299
15.682891
-5.1885305E-5
-329.46613
-85.4108
-303.45465
-120.70407
59.115616
-514.2401
164.25299
-15.682891
5.1885305E-5
274.94537
-353.4563
-57.06406
126.79335
-134.90765
-255.02231
18.527906
238.7526
-15.934523
-21.106129
-221.05272
36.266117
-125.35365
-399.08224
75.48274
-108.47794
-830.19965
130.96231
-101.507645
-1240.4175
41.114212
48.40736
-417.9693
58.441254
103.47214
-843.50256
129.95563
195.0827
-1247.4633
199.4053
-163.81334
19.753227
-3.4022974E-6
-328.49457
-25.980202
-316.84152
-191.9434
83.300476
-596.6835
163.81334
-19.753227
3.4022974E-6
247.6211
-369.82455
-5.1320477
107.81383
-149.2886
-206.91864
23.111599
237.98872
-20.669477
-26.461113
-219.44156
42.073914
-130.68604
-387.9831
111.57874
-118.16906
-821.8733
139.99812
-100.37571
-1232.3574
52.899467
38.364853
-419.18225
40.959778
77.46618
-846.1221
114.5701
155.41757
-1256.2054
160.99457
-163.4321
22.692541
0.0
-310.3151
24.8993
-328.66473
-255.41429
98.169266
-645.7096
163.4321
-22.692545
1.3609192E-5
265.0517
-365.47562
42.109547
116.4906
-156.36653
-165.50305
28.10629
237.10954
-24.27136
-30.401052
-218.94849
41.980186
-134.55154
-380.76556
126.05103
-125.62062
-815.46594
139.4973
-93.3721
-1225.4224
54.081978
30.585981
-418.96967
22.69016
57.54723
-847.3256
93.46632
126.48416
-1260.2385
127.386566
-163.41522
22.813742
1.3609192E-5
-319.59274
46.31467
-323.50626
-350.63016
102.708496
-647.16724
163.4152
-22.813793
-1.360919E-5
235.0506
-359.26212
106.16439
100.15617
-152.86171
-113.158104
28.318237
236.70065
-27.764633
-30.635967
-219.44542
39.11706
-131.86623
-376.6474
134.72025
-127.39479
-811.624
135.29735
-87.850426
-1223.0688
60.803352
29.275696
-416.82928
-0.25559616
31.43251
-846.44116
67.96463
80.84769
-1263.0013
88.83923
-163.39186
22.980362
6.804595E-6
-338.3877
45.278687
-313.81403
-387.14505
103.63066
-634.9336
163.39186
-22.980362
-6.804595E-6
245.21317
-361.13434
92.50492
94.63852
-152.96086
-114.59667
28.512726
236.60617
-28.364368
-30.893576
-219.65488
37.71371
-131.64732
-375.67108
135.73224
-133.18916
-810.66833
135.82498
-90.337494
-1222.3837
64.73178
28.539865
-415.9855
-7.252342
17.516874
-845.3372
61.74482
57.68519
-1263.0833
78.32155
-163.38635
23.01953
-6.8045947E-6
-348.4367
35.63228
-308.5406
-395.54385
95.69865
-629.59033
163.38635
-23.019526
-1.3609187E-5
239.63933
-363.6856
87.932365
94.01233
-151.86652
-119.01075
28.283518
236.61705
-28.502918
-30.95067
-219.67896
37.52608
-131.60599
-375.30884
136.2573
-134.21036
-810.29846
134.74971
-88.90845
-1221.8356
64.145615
28.440351
-415.72443
-8.721939
14.187701
-844.9359
60.555252
52.64456
-1262.9845
73.06276
-163.42564
22.738874
6.8045947E-6
-375.0346
-14.360357
-288.869
-396.2651
78.411354
-604.8479
163.42564
-22.738878
6.804596E-6
246.41296
-371.72922
30.312523
94.74733
-150.68004
-162.13171
27.080315
236.98308
-26.564497
-30.582014
-219.79465
37.149086
-131.06027
-375.68103
135.65573
-134.35593
-810.6643
133.74205
-87.84906
-1222.4314
65.29553
29.156874
-415.65875
-9.418335
14.001201
-844.42285
62.391823
51.60929
-1262.5643
74.36526
-163.54016
21.900122
-6.804595E-6
-384.99533
-87.7409
-261.79465
-353.04953
57.714195
-556.2811
163.54016
-21.90012
-1.36091885E-5
256.81055
-365.20105
-55.182423
88.13472
-131.60461
-216.05865
25.18911
237.4363
-24.279905
-29.455053
-219.95663
37.100857
-129.76326
-377.28973
133.45724
-135.84671
-812.24414
135.0929
-86.10205
-1222.6171
60.799187
31.50279
-416.09003
-6.669346
20.164818
-843.3562
74.20154
65.529755
-1260.7454
85.52826
-163.9403
18.67016
1.3609189E-5
-357.78302
-154.65353
-248.96565
-257.78873
25.780045
-506.54065
163.9403
-18.670135
0.0
265.83636
-333.335
-142.13809
86.47696
-94.16812
-281.8857
21.917252
238.10777
-20.599077
-25.125969
-220.62743
36.29368
-125.15603
-384.57532
121.23533
-129.8998
-819.4277
131.52812
-94.78667
-1230.1299
50.9629
40.448616
-417.81412
6.0053177
48.998882
-841.9557
102.212494
111.40779
-1256.6969
124.45827
-164.30696
15.1054535
0.2147703
-317.00665
-244.22847
-197.34207
-177.77907
-28.408218
-404.55524
164.51544
-12.634232
0.21632327
292.3059
-236.86177
-250.76497
79.58487
-32.85205
-399.18927
18.974981
238.69328
-16.293201
-19.340166
-221.76414
32.73566
-119.21447
-397.16943
90.68484
-118.39002
-830.3263
130.67763
-95.68982
-1239.9353
40.64885
52.50035
-419.04178
28.210651
86.57737
-840.10266
131.99638
167.89139
-1249.7026
176.89453
-164.61287
11.2961035
4.082757E-5
-310.1923
-289.09875
-134.79445
-159.1443
-71.8849
-332.032
164.61287
-11.296104
-3.9126426E-5
299.6446
-167.54889
-294.87543
73.88432
-1.2173767
-468.84708
15.798458
239.14133
-12.721456
-15.259862
-222.37444
30.687847
-114.71522
-403.25012
69.32237
-107.148155
-834.47986
125.96771
-94.54613
-1243.603
31.842995
59.69031
-418.10425
43.81493
105.920334
-837.5084
149.58778
194.77881
-1244.3019
204.57233
-164.84018
7.260564
-1.5310337E-5
-265.17538
-324.60596
-96.94052
-107.65312
-105.52902
-286.91956
164.84018
-7.2605352
1.7011485E-5
318.6557
-109.4611
-309.02396
114.05373
19.070763
-533.78516
12.189917
239.55594
-8.022144
-9.819657
-222.9417
28.732805
-106.385414
-409.25848
36.550167
-85.927795
-837.1255
112.2887
-88.02507
-1246.0364
16.437645
68.54959
-413.52203
69.1976
132.7436
-831.5674
170.89432
230.5491
-1233.1708
245.38432
-164.94771
4.153817
0.0
-232.42052
-344.1341
-61.179787
-81.94052
-120.66324
-251.74881
164.94771
-4.1538153
6.8045942E-6
323.51813
-66.9472
-317.03693
166.50824
36.317467
-588.3012
9.110583
239.70209
-7.739718
-5.622918
-223.28596
27.143246
-98.497116
-411.00684
11.805007
-64.46953
-834.3476
105.87806
-80.04186
-1244.1483
15.208855
74.52234
-408.1487
86.32516
146.71964
-826.9641
179.09488
252.95975
-1224.1167
265.01843
-164.98973
1.8415813
1.7011493E-5
-238.0055
-348.00616
-43.30424
-72.43753
-126.6805
-223.58789
164.98973
-1.8415809
-3.4022976E-6
321.049
-30.857557
-323.11542
242.53394
49.579475
-633.38184
3.7797358
239.87154
-6.8819413
-2.4994023
-223.92125
21.86387
-91.39292
-410.17502
-16.962442
-42.965935
-829.8013
86.92992
-68.51766
-1239.6062
-1.4272385
78.46788
-403.7896
93.91717
163.39944
-821.74646
179.49551
260.10608
-1220.8431
267.64124
-164.99968
0.32470188
0.0
-237.44434
-349.1839
-46.856224
-61.15866
-126.05519
-214.29858
164.99968
-0.32470185
6.8045947E-6
315.61066
-6.2216206
-326.92746
318.2268
60.228546
-650.15735
-1.427518
239.8079
-9.493352
-0.44150448
-224.34898
17.097929
-86.046005
-408.05396
-37.896194
-25.687828
-824.77716
71.299324
-61.1777
-1235.2968
-10.02784
80.945076
-400.81317
96.700775
171.26892
-817.968
180.65567
266.9489
-1217.909
266.05176
-164.97015
-3.1381917
1.360919E-5
-251.72012
-348.87372
-50.412098
-61.317566
-129.21777
-206.61113
164.97015
3.1382463
-1.360919E-5
320.19263
-11.43828
-324.48962
347.37076
55.114517
-646.5643
-7.7826734
239.4974
-13.432055
4.2678256
-224.34807
16.575003
-76.84561
-408.14685
-44.569183
-15.890884
-825.3767
62.336365
-63.45953
-1234.4337
-20.183754
88.55782
-397.22723
100.88388
171.36235
-817.4644
176.83852
270.4267
-1215.8467
265.59564
-164.96355
-3.467862
0.0
-244.31631
-348.56183
-64.9099
-54.91884
-119.497055
-208.29027
164.96355
3.467862
6.804595E-6
353.53784
-50.57216
-301.85992
358.33008
31.39154
-621.48315
-7.2447586
239.41301
-15.130111
4.7146606
-224.2755
17.41471
-76.16132
-408.11462
-43.9225
-16.409046
-826.0194
61.007156
-69.31073
-1232.3848
-31.01815
89.24908
-396.41626
102.98044
168.80647
-817.82544
175.84982
274.27765
-1213.7592
268.112
-164.9999
-0.19481698
-6.8045947E-6
-266.1469
-335.00143
-85.28662
-75.69707
-98.514725
-214.52628
164.9999
0.19481702
-1.3609192E-5
350.6596
-115.9551
-285.72656
278.79883
-0.8508835
-586.53723
-2.3157094
239.6311
-13.09865
0.26493162
-224.35684
16.998095
-84.974335
-408.25797
-37.907745
-30.713425
-825.77985
71.43677
-76.4507
-1233.1418
-20.019897
82.440575
-400.55646
96.37606
162.15482
-822.6378
165.06366
268.47754
-1218.1276
258.24792
-164.96994
3.1497278
1.3609192E-5
-309.8188
-265.9053
-190.33708
-92.68573
-37.480957
-288.1918
164.96994
-3.1497273
-1.0206892E-5
333.2115
-207.68591
-243.84364
192.46165
-27.128677
-481.51685
2.6497512
239.55304
-14.398657
-4.2729697
-223.80026
22.80753
-95.23482
-409.872
-11.880287
-55.625904
-832.1283
84.844925
-89.06508
-1238.6206
-15.383797
75.86121
-404.9383
92.575195
150.61871
-828.4104
158.20801
253.72525
-1226.2952
244.56055
-164.86769
6.606477
-6.8045942E-6
-332.3758
-191.77159
-249.37355
-99.291626
4.878891
-375.47018
164.86769
-6.6064777
-3.402298E-6
300.4529
-280.55386
-190.18274
154.02608
-75.5004
-403.28427
6.1568117
239.42456
-15.426196
-8.9385605
-223.06589
28.048298
-104.96061
-409.64056
19.702826
-82.162544
-835.78986
103.976234
-96.46176
-1243.4517
3.9390793
69.16237
-410.28992
82.338295
132.99568
-835.23865
149.93161
235.0618
-1235.5349
225.72986
-164.6446
10.823624
-3.4022983E-6
-320.2849
-120.326355
-296.9441
-97.70218
43.53531
-477.2391
164.6446
-10.82362
5.5287323E-6
276.9053
-332.10413
-117.37275
127.71858
-120.519516
-322.00723
11.662039
238.86606
-20.174345
-14.5756235
-221.71881
35.402283
-114.81716
-404.688
59.35874
-97.423256
-834.21674
125.89815
-103.32496
-1241.9185
25.178452
60.22107
-414.61362
71.4169
116.67668
-840.1225
141.98575
211.77658
-1243.8853
207.80093
-164.37924
14.299124
-2.8919523E-5
-312.4959
-60.36521
-319.5101
-144.23898
66.89643
-573.27
164.37924
-14.299127
3.5724126E-5
258.70898
-356.63202
-59.24609
103.86163
-151.69807
-266.42807
16.539978
238.87822
-16.236467
-19.227818
-221.03798
37.383087
-120.25226
-397.2345
90.757706
-110.85193
-829.7488
136.23332
-96.230255
-1238.6647
41.502327
52.134975
-418.33493
46.397602
94.933365
-844.985
119.63023
182.35794
-1251.2808
180.2989
0.0
0.0
0.0
0.8000001
0.8000001
0.8000001
0.9199997
0.9199997
0.9199997
0.5631306
0.5631306
0.5631306
0.5768898
0.5768898
0.5768898
0.0
0.0
0.0
0.74893385
0.74893385
0.74893385
0.8300001
0.8300001
0.8300001
0.0
0.0
0.0
0.0
0.0
0.0
0.0
0.0
0.0
0.0
0.0
0.0
0.0
0.0
0.0
0.0
0.0
0.0
0.20854694
0.20854694
0.20854694
42
80
true
boxing
