-164.97607
2.8093066
6.804595E-6
-219.70299
-347.70917
-61.169994
-261.50537
-605.3096
-263.14664
164.97607
-2.8093314
-6.804595E-6
391.2105
-270.68262
-81.620346
366.557
-83.506454
-352.2812
6.2338867
239.84174
6.0892158
-3.8198106
-224.31453
-17.128826
-94.30821
-411.1689
14.451065
-65.26883
-842.3959
-34.79364
-102.07681
-1259.864
-7.1261826
77.84176
-408.6946
-75.740906
173.57085
-817.0979
-190.92654
248.59895
-1226.9204
-243.9948
-164.9692
-3.187693
0.0
-262.1234
-338.61493
-87.462
-408.13092
-357.84738
-382.77863
164.9692
3.187693
0.0
418.13257
-240.57938
-78.01237
293.08722
-86.10521
-341.4538
-3.7367449
239.65335
12.341174
4.330443
-224.11473
-19.463469
-78.29137
-411.83972
25.624895
-57.18483
-844.09155
-18.395979
-97.79065
-1260.6398
16.79976
90.36409
-400.7504
-93.61236
193.19656
-808.9778
-203.16086
249.47516
-1223.191
-243.90468
-164.92845
-4.8581796
0.0
-282.22327
-336.59082
-76.1273
-460.80365
-302.9882
-351.5904
164.92845
4.8581805
-1.360919E-5
408.22635
-250.52393
-72.01461
248.8947
-118.32005
-328.9885
-7.9058237
239.47287
13.792923
6.602458
-224.1475
-18.420166
-73.4053
-411.22986
33.53127
-54.432137
-842.9367
-16.41087
-102.36723
-1257.7733
28.453289
93.55736
-398.33188
-97.15169
192.1284
-808.78107
-202.22414
239.78534
-1224.3124
-240.46693
-164.89465
-5.8952694
0.0
-305.27167
-333.01443
-53.73376
-540.871
-285.10703
-279.78207
164.89465
5.89532
0.0
402.71188
-257.63312
-59.964275
224.94649
-138.91885
-311.37308
-8.362393
239.51721
12.711333
8.01619
-224.21983
-16.917692
-69.97081
-409.9085
42.561226
-47.134438
-841.30743
-8.413883
-98.40729
-1255.7468
36.430996
95.16128
-396.16394
-100.23008
196.11597
-805.50305
-207.34967
231.6028
-1223.0741
-235.19028
-164.9973
-0.9440735
0.0
-286.29272
-336.84854
-45.338776
-527.0228
-305.2486
-268.83478
164.9973
0.9440735
0.0
396.98584
-268.4197
-56.78451
198.99702
-160.79819
-297.86136
0.13828398
239.99957
-0.43179095
1.2868025
-224.90791
-6.306759
-80.67485
-405.03192
63.961567
-45.667763
-833.59064
-1.8937111
-99.76793
-1247.0602
48.266846
83.89496
-401.07693
-85.302765
190.49432
-806.93726
-199.9281
217.08636
-1225.6473
-219.28563
-164.98476
-2.2422626
6.804595E-6
-278.54755
-339.81775
-52.404896
-518.1809
-315.254
-277.95416
164.98476
2.2422626
-1.360919E-5
394.97705
-270.14926
-50.06433
196.89957
-168.15373
-293.5027
-3.6959155
239.94144
3.801525
3.0558426
-224.85638
-7.434318
-77.29067
-405.1355
64.28647
-30.889652
-831.155
-10.407951
-84.64868
-1244.5662
40.59352
86.5482
-399.2845
-89.31139
195.96536
-804.0823
-205.0338
224.38205
-1222.3901
-229.75157
-164.94902
-4.101219
-6.804595E-6
-286.30637
-340.08884
-44.550217
-534.3807
-325.66797
-261.69342
164.94902
4.1012197
-1.3609192E-5
392.81354
-270.22217
-49.23835
184.89265
-175.08554
-287.18353
-6.723963
239.85736
4.8200803
5.588586
-224.77005
-8.496297
-72.63783
-405.81512
63.637722
-10.256855
-825.6991
-31.394192
-59.941586
-1238.8162
25.751667
90.679985
-397.5699
-92.160385
192.3724
-806.6666
-199.50813
218.26773
-1225.2655
-221.96729
-164.87347
-6.460481
6.804596E-6
-310.2101
-333.27197
-40.883724
-560.1136
-308.40326
-254.96269
164.87347
6.460431
-6.804596E-6
401.41815
-257.85474
-61.515167
193.48328
-152.3299
-295.0266
-7.3931875
239.80403
6.273764
8.796052
-224.4799
-12.506217
-67.327484
-407.65588
56.42681
-20.731148
-833.2698
-20.427544
-62.682137
-1248.151
29.709263
95.945595
-395.11926
-98.45488
181.60953
-811.5098
-190.68057
201.422
-1230.8197
-204.34323
-164.85468
-6.9235516
-1.360919E-5
-314.3084
-333.15787
-28.89241
-554.9052
-301.34515
-252.50172
164.85468
6.9235516
6.804595E-6
405.06555
-253.57086
-63.571877
205.50665
-137.89154
-299.5688
-6.9319215
239.82684
5.9185963
9.424441
-224.40457
-13.370348
-66.32765
-408.11264
54.548515
-29.267872
-835.8982
-15.101097
-67.70195
-1251.2141
34.25031
97.02009
-394.71152
-99.524506
177.49182
-813.12244
-187.16937
194.71927
-1232.635
-197.77048
-164.90251
-5.6713576
0.0
-317.90826
-329.04333
-40.246475
-519.0381
-276.03088
-296.4427
164.90251
5.671382
6.8045947E-6
408.9615
-255.90826
-40.140995
261.6354
-101.53113
-291.86053
-6.700107
239.80186
7.0837154
7.7243385
-224.59746
-11.0142355
-68.93477
-406.55188
60.51171
-48.364937
-839.02673
18.471455
-83.81795
-1255.3397
61.210274
93.9863
-395.4737
-97.38665
163.79321
-818.401
-171.444
176.00937
-1238.1582
-178.83214
-164.91081
-5.424682
0.0
-316.94012
-326.48474
-58.37403
-492.00903
-270.95676
-332.541
164.91081
5.4246316
1.360919E-5
402.73755
-263.7288
-24.389791
292.32617
-97.676025
-287.3267
-6.081776
239.83696
6.4216657
7.3898253
-224.65541
-10.016958
-69.31955
-406.0412
62.886208
-48.338005
-838.83154
24.450489
-84.84939
-1255.1174
66.55768
93.37685
-395.6819
-96.36608
161.50592
-819.3973
-167.42017
176.07054
-1239.023
-177.52943
-164.8416
-7.228053
-1.3609189E-5
-325.77652
-324.7889
-53.432823
-476.14545
-259.38782
-339.80997
164.84161
7.228028
0.0
391.60245
-267.62207
-51.351288
337.9288
-66.26497
-307.23108
-11.191124
239.4105
12.545167
9.834453
-224.28435
-14.993981
-65.83456
-408.50354
51.62053
-52.060917
-841.18915
8.977295
-82.20793
-1258.4374
46.327988
97.63371
-394.01355
-102.076065
159.02818
-819.29065
-169.86334
186.27104
-1237.9651
-189.0867
-164.73071
-9.422854
0.0
-340.04578
-319.4719
-52.28975
-445.2582
-225.07246
-350.4828
164.73071
9.42288
-6.804595E-6
378.04376
-268.27255
-83.56308
390.94308
-37.239624
-318.8446
-4.088379
239.94254
3.2957606
12.776047
-223.35153
-23.997187
-62.013405
-412.06055
29.81207
-73.05647
-846.63873
14.163558
-89.73835
-1265.407
41.63914
102.947395
-393.53513
-107.70304
151.23602
-821.91895
-165.84525
182.47115
-1240.3276
-184.77966
-164.86478
-6.678476
0.0
-344.21796
-313.71533
-56.220966
-391.85968
-218.66977
-368.62555
164.86478
6.678476
-6.804595E-6
351.17688
-293.0291
-71.156
436.98596
-61.99533
-290.6103
-5.902374
239.8326
6.743784
9.073741
-223.99489
-19.208242
-68.793724
-411.7558
33.5412
-77.845
-845.7389
5.225769
-95.50073
-1264.317
34.901684
97.6239
-396.56155
-99.70431
145.56418
-823.8103
-165.92572
175.21292
-1242.5397
-179.58879
-164.83817
-7.306066
-6.8045947E-6
-354.096
-309.40512
-50.17591
-359.02454
-225.74478
-369.35712
164.83817
7.3060675
0.0
338.1471
-301.29596
-65.79361
490.86978
-97.45354
-275.61267
-7.7855916
239.54744
12.506317
9.916487
-223.73645
-21.64865
-68.06091
-413.68774
22.374334
-87.16012
-847.6199
-1.3565598
-94.74574
-1267.1262
17.534864
99.94201
-397.4548
-97.920105
141.06538
-824.8718
-167.55194
177.6294
-1242.753
-188.48827
-164.76326
-8.83576
-1.0206894E-5
-354.87897
-310.41287
-50.072773
-316.30103
-229.60896
-367.6928
164.76326
8.835761
6.8045965E-6
331.15497
-305.1117
-57.886044
527.90796
-127.05719
-254.06163
-9.196703
239.44276
13.512304
11.980673
-223.40872
-23.874838
-64.88337
-415.73468
10.8043
-91.74858
-849.7668
-0.12203121
-97.6621
-1269.3257
18.19284
104.47698
-397.9295
-95.197586
129.95058
-827.93
-155.825
176.61009
-1244.3816
-183.95009
-164.87553
-6.407398
0.0
-346.09943
-310.52264
-65.35924
-254.74255
-241.52615
-374.86432
164.87553
6.4073987
-3.4022976E-6
325.85223
-310.03012
-59.61375
560.7014
-158.60106
-235.1561
-5.621948
239.42242
15.661934
8.684348
-223.46794
-24.73194
-71.53496
-415.66278
2.2124596
-99.303696
-849.7158
-4.9903135
-95.24626
-1269.645
1.5686798
99.54766
-400.9851
-90.54616
125.00642
-829.879
-158.56732
173.49744
-1245.9911
-188.55595
-164.92863
-4.8525205
1.02068925E-5
-324.59784
-319.27167
-72.43155
-198.04486
-241.30246
-367.05865
164.92863
4.8525205
-1.02068925E-5
306.1402
-320.3787
-62.321507
563.3366
-194.37244
-226.24959
-3.618552
239.1478
19.880535
6.5668645
-223.19829
-27.647865
-76.08007
-415.66373
-12.596714
-93.01744
-849.8784
-32.489605
-96.19977
-1269.2421
-9.598322
96.749535
-403.21222
-87.33092
124.14272
-831.2265
-159.98343
170.7608
-1247.6482
-188.61441
-164.95497
-3.8543844
1.7011487E-5
-333.716
-309.53955
-87.614395
-174.79138
-240.97035
-368.57922
164.95497
3.8543844
-1.7011487E-5
300.60077
-323.6817
-62.612617
568.12836
-209.73486
-218.64178
-2.6516135
239.16707
19.800955
5.217201
-223.281
-27.264776
-78.65764
-415.44324
-15.488198
-92.89773
-849.6247
-38.04244
-98.26618
-1268.7955
-12.216738
94.73691
-404.75043
-83.434875
121.70013
-832.3263
-158.77992
168.49722
-1248.5435
-189.97694
-164.97974
-2.5860999
3.4022976E-6
-333.26056
-306.64664
-93.961464
-130.08829
-245.42181
-346.69168
164.97974
2.58615
-3.4022976E-6
285.9108
-330.7406
-62.201042
561.64
-228.42538
-211.884
-1.5349077
239.63553
13.132007
3.504878
-223.59482
-24.86113
-81.880455
-415.36755
-19.154554
-98.420555
-849.4678
-41.703033
-99.3472
-1269.0487
-22.969475
92.589325
-407.90155
-71.71184
114.193245
-833.6494
-158.29703
166.44366
-1249.1326
-190.60301
-164.99232
-1.5917039
2.0413785E-5
-326.2016
-311.4362
-87.2236
-108.77707
-247.35535
-327.0573
164.99232
1.5917041
-2.2114937E-5
274.64093
-335.42273
-63.23339
553.2553
-250.91736
-218.581
-0.95606726
239.91685
6.24377
2.161125
-224.01996
-20.865957
-84.275955
-415.39206
-18.552156
-102.31984
-849.49677
-39.82508
-97.894806
-1269.1901
-24.400082
90.853676
-410.6991
-58.075256
108.38382
-835.1942
-151.46463
159.24994
-1250.8146
-184.21152
-164.99406
-1.3988848
-1.5310337E-5
-335.6203
-304.12952
-94.025665
-109.78418
-236.19225
-324.8559
164.99406
1.3989098
1.5310337E-5
278.68866
-333.42203
-67.59065
557.6959
-250.4899
-223.0809
-0.6471136
239.3985
16.968784
1.893434
-223.32933
-27.302511
-84.99221
-414.41205
-33.489693
-105.07096
-848.646
-49.69768
-97.3966
-1268.2922
-34.264587
90.42475
-409.58383
-66.94423
107.21479
-833.9945
-160.85213
156.75269
-1249.7379
-194.06941
-164.99005
-1.8111652
0.0
-342.40723
-298.69345
-99.92017
-117.81259
-234.43561
-333.0042
164.99005
1.81114
1.7011488E-6
290.02924
-329.84137
-63.022465
569.7885
-250.87527
-219.22458
-1.1223574
239.71411
11.656885
2.4559476
-223.7333
-23.714561
-83.8596
-415.16687
-25.39418
-102.80207
-849.506
-40.082817
-96.021545
-1269.1962
-25.448116
91.45736
-410.0943
-61.771618
110.705475
-834.86914
-153.53659
158.62451
-1250.5701
-189.5438
-164.99997
-0.0883489
1.360919E-5
-341.9769
-301.36053
-86.6846
-157.2201
-225.44244
-349.3657
164.99997
0.0883489
-1.190804E-5
289.2948
-330.69415
-68.802155
555.2409
-238.9542
-241.30273
2.0626407
239.49629
15.403728
0.11960931
-223.48366
-26.077631
-88.292946
-413.95264
-28.26752
-104.128174
-848.5901
-36.299435
-92.727295
-1268.415
-32.17384
86.99977
-410.12793
-67.49939
116.70004
-833.8247
-161.43521
162.23505
-1249.8428
-196.86938
-165.0
-0.02945076
-1.7011489E-5
-344.45306
-300.55466
-84.14986
-174.98306
-217.70358
-354.9184
165.0
0.0294758
1.7011489E-5
296.96875
-327.10577
-71.88036
550.5421
-225.27667
-256.89758
2.4763002
239.4678
15.780828
0.03987959
-223.52528
-25.718533
-88.4364
-413.97723
-25.819529
-102.66045
-848.6571
-34.542656
-91.65861
-1268.47
-28.528782
86.72529
-409.94812
-68.522354
118.662415
-834.1245
-159.51349
163.94026
-1249.9716
-197.21121
-164.99985
-0.22373854
-1.7011488E-6
-326.41632
-311.6669
-80.9189
-223.5355
-196.15848
-372.42078
164.99985
0.22373854
1.7011488E-6
309.1385
-319.92148
-79.568085
526.91345
-206.10513
-299.84045
0.85510767
239.58353
14.106952
0.3032183
-223.63351
-24.75791
-87.88054
-414.13065
-18.886599
-93.57127
-848.72046
-36.894985
-88.04735
-1268.5375
-25.796045
86.80319
-409.1718
-71.59046
122.99931
-832.6901
-164.04077
173.19269
-1247.6797
-204.83601
-164.98288
-2.3766246
3.062068E-5
-334.98544
-309.10422
-81.34667
-303.94528
-192.72354
-388.57956
164.98288
2.3766248
-3.402298E-5
316.8208
-313.0233
-84.072266
475.55338
-185.48254
-343.75925
-3.108713
239.25185
18.678537
3.2177348
-223.3776
-26.778671
-82.48884
-414.87177
-17.593637
-85.324585
-849.5343
-34.48823
-85.19873
-1269.3606
-22.40799
91.529785
-406.36688
-79.84378
130.31868
-831.391
-163.95633
177.84642
-1246.5236
-206.4541
-164.9763
-2.7961035
1.0206894E-5
-329.5827
-310.857
-87.19652
-356.6067
-193.69579
-394.5122
164.9763
2.7960532
-1.0206894E-5
320.5747
-307.6176
-95.03924
423.33105
-174.15063
-378.81326
-4.011033
238.73802
24.250229
3.780436
-223.0584
-29.251621
-81.43507
-414.36707
-13.781807
-81.770096
-848.7999
-35.984
-82.188965
-1268.5825
-22.479523
91.519356
-403.33475
-91.72017
135.41133
-828.30035
-173.59048
179.78516
-1243.4353
-219.34944
-164.98262
-2.3947551
-1.020692E-5
-333.41193
-311.96017
-73.49024
-415.886
-187.14377
-367.6312
164.98262
2.3947551
1.360919E-5
330.5526
-298.02902
-109.23438
349.70163
-145.12645
-401.04617
-2.9062774
239.3332
17.63997
3.2459183
-223.62485
-24.62499
-81.78505
-413.82434
1.7169094
-76.704155
-847.63196
-30.065742
-79.1676
-1267.2556
-12.459869
89.98528
-403.4478
-89.74013
139.71301
-827.59296
-172.52338
190.63358
-1242.3356
-214.8987
-164.9766
-2.7788582
-2.041384E-5
-323.18616
-320.16708
-61.922913
-460.95978
-206.59589
-339.4477
164.97661
2.7788587
1.701149E-5
347.2511
-281.9124
-123.80173
258.19897
-134.994
-405.55466
-4.082696
239.49739
14.97775
3.7709496
-223.88065
-22.096035
-80.17927
-413.0359
13.578373
-73.272354
-846.74133
-19.237198
-76.62915
-1266.5569
-7.2549553
90.1946
-402.16077
-91.7175
143.75095
-826.39764
-171.591
196.75616
-1240.3359
-218.9787
-164.97694
-2.7583246
0.0
-321.37305
-321.19345
-61.150223
-476.88177
-213.39159
-331.51257
164.97694
2.7583253
-6.8045965E-6
358.2505
-275.57178
-121.563545
234.87228
-137.07358
-394.50323
-3.448286
239.75336
10.316928
3.7491155
-224.24205
-18.06781
-79.3842
-411.78253
26.847939
-70.94391
-845.39734
-6.796295
-71.795906
-1265.3083
1.8063679
89.6732
-401.80627
-90.09556
149.45224
-825.071
-170.70844
197.31216
-1239.751
-217.07611
-164.91972
-5.1465845
0.0
-319.68066
-326.57953
-48.26908
-512.7396
-238.2797
-300.91782
164.91972
5.1465845
0.0
375.65048
-256.1637
-130.03648
182.80751
-155.29921
-378.1049
-6.1180935
239.40782
15.699232
6.987941
-223.9265
-20.810898
-73.1585
-411.92285
27.499783
-65.72605
-845.74426
-3.6241703
-66.21921
-1265.7334
-0.6546657
94.33824
-397.87308
-99.63039
158.68439
-820.3619
-180.79564
203.18767
-1236.4003
-217.28488
-164.9244
-4.994573
1.360919E-5
-312.51376
-331.08524
-38.499897
-534.4693
-270.24222
-275.0033
164.9244
4.994522
-6.8045947E-6
366.82397
-264.48047
-127.35703
134.67743
-193.01816
-350.74258
-6.378788
239.58072
12.664434
6.788349
-224.16037
-18.194626
-72.804855
-410.4736
37.05305
-64.335144
-844.0233
2.5874329
-64.76747
-1264.0062
6.3501825
93.48886
-397.2867
-99.49833
159.03238
-820.10266
-177.95665
208.74034
-1234.7096
-223.01416
-164.81737
-7.7613783
0.0
-309.82434
-335.36426
-35.34604
-545.7529
-286.7228
-260.89365
164.81737
7.7613525
0.0
359.63876
-267.11234
-126.842735
107.59563
-218.33629
-334.19543
-10.473351
239.08174
18.172213
10.533543
-223.68808
-21.856112
-65.93857
-410.93756
34.62095
-49.966877
-843.728
-6.150837
-53.160168
-1263.6079
3.369771
99.068726
-392.98895
-109.02687
167.63773
-815.7637
-185.0852
214.68921
-1231.0433
-226.66585
-164.67662
-10.325236
6.804595E-6
-308.55698
-339.24048
-26.705599
-562.8449
-305.6859
-234.33925
164.67662
10.325287
-1.360919E-5
352.1709
-268.10147
-130.09393
83.91608
-233.25604
-319.10492
-14.042475
238.60835
21.653189
13.99561
-223.21555
-24.575167
-59.660572
-411.7496
31.368273
-50.61393
-845.4646
-0.7947712
-51.983055
-1265.4336
4.1240764
104.52704
-389.8496
-114.781296
162.95343
-815.7855
-181.03824
217.6083
-1229.7952
-225.85878
-164.59827
-11.507116
0.0
-308.34045
-340.42758
-27.37713
-571.30054
-310.05447
-224.42908
164.59827
11.507116
0.0
348.82147
-268.61307
-131.12773
76.495636
-234.71024
-314.4014
-15.429186
238.3765
23.207403
15.587103
-222.95964
-25.904526
-56.75785
-412.0272
29.949493
-50.45476
-846.096
2.2088547
-53.110752
-1266.0477
7.996202
106.97036
-388.24792
-117.7135
165.04185
-814.68774
-180.97316
212.45746
-1230.0776
-221.01108
-164.67264
-10.388636
-1.360919E-5
-301.32825
-343.0681
-15.799453
-561.4915
-320.00464
-217.50015
164.67264
10.388585
6.804595E-6
346.8052
-272.64667
-127.74493
73.64346
-237.08572
-309.45374
-14.409677
238.88455
18.070192
14.1004715
-223.5108
-21.65856
-58.91162
-411.07486
38.24939
-51.95536
-844.99243
8.380983
-57.88237
-1264.8395
18.041782
104.64543
-390.35156
-111.46823
161.73753
-816.92017
-174.75082
207.32704
-1232.5886
-214.01044
-164.65178
-10.714061
0.0
-301.18713
-343.0081
-23.211452
-560.1023
-315.42343
-225.94778
164.65178
10.714062
-6.804596E-6
346.83615
-272.68668
-126.857666
82.02985
-228.76083
-318.81635
-15.337707
238.58867
20.98095
14.533467
-223.35011
-22.9892
-58.264355
-411.15637
36.4185
-51.624542
-845.0592
6.264778
-57.166904
-1264.919
15.593176
105.211945
-389.4354
-114.0556
165.43687
-815.03046
-180.88979
207.7004
-1231.321
-217.16502
-164.6795
-10.279127
6.804596E-6
-297.45468
-344.05084
-23.815645
-552.1936
-304.9413
-229.91878
164.6795
10.279077
0.0
361.33557
-270.91632
-108.88309
115.76547
-216.95078
-322.61896
-13.715894
239.02065
16.76339
13.957315
-223.6094
-20.712887
-59.00283
-410.79315
40.434937
-50.200623
-844.59753
9.429987
-60.6651
-1264.2255
23.674994
104.389046
-390.59387
-110.369385
164.84521
-816.4363
-175.39453
211.04927
-1231.7292
-217.78531
-164.6971
-9.993345
-6.804595E-6
-304.8343
-340.87875
-21.82716
-541.687
-294.32675
-246.8465
164.6971
9.993346
-6.804596E-6
361.331
-268.46277
-115.74666
135.1687
-191.46664
-343.3916
-11.877421
239.19125
15.699326
13.568518
-223.61934
-20.863396
-59.885933
-411.19373
38.46864
-52.061455
-844.80743
4.6613655
-64.28578
-1264.2677
22.08574
103.982605
-391.32648
-109.178764
158.87073
-818.3904
-171.0552
214.5089
-1231.4363
-222.99191
-164.7141
-9.708937
6.804595E-6
-310.3313
-337.80588
-27.349817
-521.76245
-298.11597
-277.59283
164.7141
9.708987
0.0
354.8022
-277.90906
-103.64548
183.9268
-160.20697
-360.25378
-11.665772
239.19888
15.741808
13.182839
-223.64972
-20.784925
-60.731796
-411.45496
37.23078
-59.681175
-845.5332
8.947193
-65.05454
-1265.3923
18.405636
103.56821
-392.00714
-107.88412
158.26044
-818.89465
-171.1362
207.27466
-1233.7451
-214.68683
-164.7384
-9.287525
-6.804595E-6
-312.5559
-334.5537
-44.18043
-493.19254
-292.91193
-317.1939
164.7384
9.287499
6.804595E-6
353.86792
-282.23502
-94.045944
241.76077
-136.14778
-367.8899
-10.701957
239.28166
15.157491
12.611463
-223.69951
-20.602951
-61.924267
-411.70642
35.94641
-61.462307
-845.645
5.5807037
-66.17288
-1265.5444
13.47066
102.86947
-392.8838
-106.21939
156.74701
-819.62695
-171.1232
202.86263
-1234.9094
-213.71162
-164.74799
-9.116083
0.0
-304.16718
-335.43643
-60.64083
-443.43408
-282.8639
-355.15884
164.74799
9.116032
6.8045947E-6
339.39746
-292.88354
-88.8471
304.54437
-122.496506
-369.29947
-12.288813
238.8702
19.748861
12.365621
-223.47672
-23.02705
-62.98007
-412.63724
28.36681
-63.6901
-846.43384
-3.960144
-67.88661
-1266.3107
5.3065023
102.7919
-393.16907
-107.4521
155.65707
-819.47595
-175.95572
205.8795
-1234.2603
-218.75452
-164.82826
-7.5265484
-6.804595E-6
-305.4029
-331.53638
-69.68785
-392.49557
-272.374
-382.44122
164.82826
7.526599
6.804595E-6
318.15784
-308.22858
-79.929245
367.99487
-129.86584
-353.06476
-8.774345
239.37006
14.999591
10.216673
-223.74171
-21.453827
-67.292496
-413.27084
25.140537
-69.95727
-847.0442
-7.3956223
-71.133606
-1266.9742
0.17810678
100.11933
-396.65396
-99.67701
146.23615
-824.1079
-165.86891
204.25745
-1236.8896
-217.29575
-164.90337
-5.6457605
-1.020692E-5
-310.84692
-326.33255
-73.894936
-347.7882
-258.23233
-394.67166
164.9034
5.645762
6.8045965E-6
305.86804
-317.3764
-73.38705
418.80612
-157.71477
-339.19363
-7.0401134
239.52525
13.344945
7.6649103
-223.88205
-21.04944
-72.62396
-414.02496
17.672312
-77.189316
-847.65173
-16.562258
-76.36119
-1267.5958
-9.761714
96.847725
-400.3281
-91.85351
139.35776
-827.0112
-165.06119
194.36975
-1240.806
-211.40312
-164.91173
-5.396303
6.804595E-6
-312.32562
-323.6316
-81.21225
-321.4702
-262.78403
-405.42505
164.91174
5.396303
-3.4022976E-6
305.62418
-318.9224
-67.95142
447.75992
-173.14671
-327.6568
-6.553223
239.57407
12.701439
7.3247933
-223.84988
-21.507603
-73.48062
-414.45395
13.714245
-78.86168
-848.07043
-20.531834
-78.310585
-1268.0057
-13.177991
96.60855
-401.19708
-89.89177
135.79475
-827.954
-164.51065
191.86743
-1241.4421
-212.29503
-164.93503
-4.6297326
2.041384E-5
-304.01074
-322.8983
-94.67339
-271.56085
-250.90804
-415.08627
164.93503
4.6297326
-2.041384E-5
318.33246
-315.9497
-57.42866
509.31793
-189.67523
-295.0824
-6.158867
239.10515
19.768818
6.2721763
-223.44957
-25.611553
-76.1527
-414.7605
0.9642391
-75.95297
-848.64404
-30.181215
-75.882545
-1268.5964
-23.861092
95.18523
-401.59344
-92.38901
139.79834
-826.33997
-175.00307
191.10402
-1241.1316
-216.42282
-164.97067
-3.1104944
-6.804595E-6
-282.67755
-326.97882
-104.18443
-199.83742
-256.2997
-415.70007
164.97067
3.1104949
3.402298E-6
308.28925
-323.19208
-50.856735
535.3645
-218.41458
-266.167
-3.0492582
239.36641
17.158741
4.21652
-223.63474
-24.387093
-80.16156
-414.6665
-2.3144321
-76.986725
-848.6304
-32.151825
-76.57845
-1268.6025
-27.332764
92.279854
-404.26172
-85.36857
138.44626
-827.7792
-173.26962
190.27008
-1242.8024
-211.61142
-164.98164
-2.4608054
-1.0206891E-5
-283.44977
-325.5728
-105.659515
-185.58748
-255.6424
-412.95856
164.98164
2.4608057
3.4022976E-6
308.30493
-324.85837
-43.82453
549.69196
-234.102
-249.72641
-1.8851318
239.14249
20.1819
3.3325238
-223.4288
-26.333715
-82.05727
-414.47736
-8.754114
-75.520874
-848.327
-39.68563
-75.97909
-1268.2465
-31.472504
90.90401
-404.6479
-86.2577
138.88141
-827.97723
-174.09521
187.81964
-1243.148
-214.5719
-164.99274
-1.5473571
1.360919E-5
-301.11926
-310.95767
-123.83389
-148.47331
-255.63638
-411.12952
164.99274
1.5473571
-1.360919E-5
299.0232
-331.14325
-30.867289
559.6852
-261.3812
-220.83722
-0.1342231
238.98781
22.018276
2.0932562
-223.20876
-28.25717
-84.625946
-414.15137
-17.271309
-74.31524
-848.0443
-46.521526
-79.447556
-1267.7728
-32.32124
89.11031
-405.6402
-85.23784
138.427
-828.8457
-172.93033
186.83752
-1244.179
-212.36014
-164.99706
-0.9877762
-5.10346E-6
-301.4874
-310.3405
-123.576965
-123.24591
-268.30176
-398.09967
164.99706
0.98782635
3.402298E-6
298.01434
-332.4086
-27.44484
571.8202
-277.84946
-203.3814
-0.42693707
238.9716
22.189882
1.3360572
-223.18011
-28.528025
-86.11503
-414.02502
-23.002739
-80.1461
-848.03894
-51.6608
-80.48026
-1267.6143
-32.77986
88.24896
-407.00656
-81.00646
133.19795
-830.3656
-170.2908
180.8265
-1246.0323
-207.06929
-164.9999
-0.18682466
-2.721838E-5
-306.49664
-304.73276
-129.73221
-97.96767
-248.36867
-379.20917
164.9999
0.18682466
2.721838E-5
304.45593
-331.25073
-17.353731
586.78345
-288.31558
-182.72525
1.1285728
238.72318
24.697649
0.25238866
-222.94836
-30.314413
-88.25664
-413.36966
-27.88983
-79.05366
-847.749
-49.218185
-79.2471
-1267.3123
-30.068499
86.377594
-407.14874
-82.78037
133.66512
-831.1714
-167.59618
183.06393
-1245.9987
-210.93297
-164.99901
0.57352114
-1.701149E-6
-297.60925
-306.7196
-132.61015
-78.69066
-239.78708
-370.29626
164.99901
-0.57352114
1.701149E-6
296.79846
-334.94437
-20.615961
579.7993
-282.98016
-182.2025
2.1201057
238.86015
23.266518
-0.7756806
-223.14716
-28.805204
-90.1012
-413.19012
-26.652304
-80.62399
-847.71936
-44.527134
-76.838554
-1267.4573
-30.182308
84.71726
-408.37018
-78.63886
134.15863
-831.3218
-167.47845
181.5915
-1247.0226
-204.12466
-164.9983
0.7461546
-2.2114935E-5
-293.42416
-307.2507
-135.07306
-74.771515
-239.69092
-372.82648
164.9983
-0.74615467
2.0413789E-5
297.31567
-334.73712
-23.283972
575.5648
-282.50656
-192.84035
2.4389942
238.93988
22.400629
-1.0091833
-223.15648
-28.725718
-90.53358
-413.11148
-27.149164
-80.5097
-847.508
-47.74499
-77.95228
-1267.1774
-31.281782
84.35434
-408.6142
-77.90404
130.84335
-830.9756
-171.04175
183.60164
-1246.0815
-207.14786
-164.99919
0.51888955
-1.8712637E-5
-305.0592
-304.47012
-130.24931
-105.64572
-235.4787
-383.9705
164.99919
-0.5188895
2.2114931E-5
312.29288
-328.69876
-14.231673
575.49304
-258.39197
-200.4644
1.0825255
239.47708
15.7976
-0.7034227
-223.67766
-24.347723
-89.72251
-413.69336
-16.00327
-79.52452
-848.12006
-35.86403
-74.995384
-1267.9058
-23.237118
84.81538
-409.25113
-72.8144
134.80878
-830.97974
-166.99857
189.80974
-1245.4722
-206.634
-164.99994
0.13944323
-6.804595E-6
-294.56244
-311.36664
-125.6086
-139.34001
-243.16489
-408.7243
164.99994
-0.13949332
6.804595E-6
303.87173
-330.91605
-30.024817
549.10474
-249.15146
-235.14755
2.0321007
238.62244
25.597113
-0.18850024
-222.94614
-30.331224
-89.08602
-413.08344
-23.620508
-80.19893
-847.50745
-44.158478
-72.00853
-1267.3533
-36.254303
85.18245
-406.34836
-86.68221
136.92221
-828.8489
-176.35553
188.43988
-1243.5359
-218.55338
-164.98302
-2.3676124
-6.804595E-6
-299.26105
-313.1174
-122.49084
-209.8735
-220.84097
-426.45618
164.98302
2.3676124
1.0206892E-5
320.23755
-319.53024
-43.333344
533.7772
-232.64536
-279.4516
-1.636934
238.60954
25.745106
3.1986797
-222.89664
-30.526342
-82.71028
-414.28906
-21.113945
-73.10846
-848.54877
-44.593784
-72.303566
-1268.2437
-28.606077
90.96418
-404.30383
-89.591034
138.43105
-828.39746
-173.95027
192.2508
-1242.7546
-216.5128
-164.95198
-3.980062
1.02068925E-5
-301.48413
-319.03064
-108.17638
-276.9764
-201.84402
-415.6933
164.95198
3.980062
-1.02068925E-5
330.18774
-310.544
-58.066734
494.41254
-204.65097
-323.99316
-5.109243
238.72078
24.213268
5.380835
-223.00955
-29.373304
-78.47693
-415.0407
-15.519865
-70.86034
-849.37976
-38.248363
-66.437256
-1269.2653
-29.496761
94.55412
-403.00516
-90.608116
144.5579
-826.8895
-174.55257
196.53381
-1240.7512
-223.7151
-164.93262
-4.715587
-2.0413789E-5
-296.12732
-327.65564
-89.98711
-353.48245
-212.17154
-393.7531
164.93262
4.715587
2.0413789E-5
317.7943
-313.1764
-71.9583
390.65295
-191.54837
-369.9486
-5.987198
238.93015
21.829681
6.3804855
-223.16614
-27.949373
-76.24383
-414.8762
-5.135412
-75.12454
-849.1189
-30.767275
-71.10479
-1268.7849
-14.512232
95.476425
-401.15854
-94.88682
144.60678
-825.74146
-175.76044
191.51978
-1240.6797
-220.76503
-164.91837
-5.1894016
6.8045947E-6
-284.86725
-335.7321
-77.160835
-405.59503
-230.4083
-365.6599
164.91837
5.1894016
-6.8045947E-6
325.80902
-304.48087
-88.42241
334.67017
-192.54904
-398.73315
-6.7750382
239.09644
19.67215
7.029151
-223.38692
-25.959038
-74.574715
-414.5011
4.3094215
-68.33105
-848.42236
-25.663263
-67.62233
-1268.3331
-17.035599
95.99421
-400.07
-96.44526
148.38544
-824.53186
-175.89505
199.11562
-1238.8191
-222.71953
-164.93277
-4.7099934
-3.4022976E-6
-287.73376
-335.3018
-72.31166
-433.86694
-240.76201
-352.68164
164.93277
4.7099433
3.4022976E-6
338.18863
-293.41306
-103.465454
298.94278
-192.1146
-415.0716
-6.155916
239.4706
14.694863
6.3895693
-223.74968
-22.809143
-75.38636
-414.00815
12.039204
-69.488205
-847.79346
-19.906483
-68.41309
-1267.7395
-13.257442
94.83721
-400.914
-92.7363
148.04866
-825.12573
-172.9733
196.67467
-1239.5632
-220.69147
-164.85841
-6.8341246
2.0413785E-5
-282.8448
-339.89398
-68.92289
-470.74426
-267.7522
-330.43646
164.85841
6.834074
-1.7011485E-5
347.11853
-283.57434
-109.746086
231.60222
-199.79865
-407.29877
-8.428445
239.1763
17.990648
9.947073
-223.35152
-25.301214
-69.89963
-413.32034
15.150515
-64.087845
-846.8976
-19.518885
-63.92869
-1266.8564
-13.642836
99.58976
-397.3836
-101.30791
153.08516
-822.0625
-178.83917
201.74193
-1236.2859
-228.35222
-164.79543
-8.213927
-6.804595E-6
-287.3858
-341.6166
-58.431496
-506.01096
-293.31723
-300.85718
164.79543
8.213878
6.804595E-6
338.1128
-284.91855
-116.76673
168.77325
-200.84029
-387.2385
-11.818741
238.80934
20.746489
11.127712
-223.25664
-25.644596
-66.086105
-413.8139
17.086536
-57.741142
-847.1942
-19.476604
-62.01536
-1267.033
-8.65043
101.45273
-394.8299
-106.29201
156.21968
-819.73944
-181.64087
205.74646
-1234.3086
-227.24243
-164.74759
-9.123203
6.804595E-6
-285.9995
-345.92523
-38.24103
-521.9307
-307.54776
-265.75723
164.74759
9.123204
-6.804596E-6
342.51672
-282.53693
-113.7212
135.36398
-209.15274
-359.89697
-13.209223
238.74205
20.6821
12.363402
-223.26152
-25.028948
-63.49292
-413.59296
21.011919
-60.320385
-847.5021
-9.611666
-60.988316
-1267.4531
-3.2374864
103.2122
-393.62885
-107.621185
158.01988
-819.0023
-180.27441
207.38684
-1234.0297
-221.6896
-164.71713
-9.657608
0.0
-290.09924
-345.7603
-30.23713
-540.5468
-319.83154
-243.55313
164.71713
9.6575575
0.0
339.75183
-282.80258
-115.88746
107.247986
-227.58955
-343.46927
-13.600464
238.45142
23.578606
13.076676
-223.03374
-26.644823
-62.136055
-413.2166
21.03663
-58.754223
-847.2003
-8.488588
-57.160397
-1267.1653
-3.3084311
103.85168
-391.70203
-112.731415
162.42061
-816.8989
-183.45834
207.36621
-1232.6544
-222.53876
-164.66454
-10.516144
6.804595E-6
-294.92676
-345.34045
-22.900604
-551.85315
-325.26868
-229.02184
164.66455
10.5161705
-1.3609193E-5
340.02655
-281.31113
-116.98291
96.74336
-235.50699
-335.19214
-14.888933
238.24367
24.865086
14.23341
-222.87099
-27.40325
-59.9186
-413.15778
21.50913
-61.59534
-847.55896
-1.2463799
-55.95526
-1267.521
-1.5415955
105.48506
-390.2489
-115.48149
163.63889
-815.5382
-185.99496
207.66602
-1231.6765
-221.91861
-164.71103
-9.760965
6.804595E-6
-296.69852
-344.33493
-15.477613
-554.0394
-328.3842
-221.44174
164.71103
9.760916
-6.804595E-6
337.26813
-284.63245
-114.70225
93.87233
-241.28406
-333.28726
-13.602056
238.66785
21.27541
13.230336
-223.25745
-24.618376
-61.400333
-412.49658
27.523859
-58.95651
-846.6246
0.10299301
-58.769077
-1266.5715
6.7744136
103.83262
-391.48386
-111.74533
161.43945
-817.3463
-179.18147
209.30301
-1232.657
-219.50679
-164.76448
-8.812664
1.9052898E-4
-296.57593
-343.74326
-6.8726683
-560.02423
-327.98044
-204.97997
164.7645
8.812675
1.7011544E-4
343.66785
-282.15527
-113.71541
107.89963
-234.60612
-339.66327
-11.4807625
238.88039
20.108603
11.9520235
-223.46132
-23.392004
-63.6691
-412.05212
29.664225
-62.543247
-846.2301
2.9581432
-68.83667
-1266.0295
14.308886
101.7533
-392.5448
-109.68516
159.51187
-818.35394
-177.32782
203.50055
-1234.2987
-215.47191
-164.83061
-7.4744782
-6.804595E-6
-306.23578
-338.23947
-14.110655
-552.9329
-318.26907
-232.38042
164.83061
7.474529
6.804595E-6
347.0495
-284.44324
-105.73694
130.7709
-212.30975
-344.31677
-9.216271
239.29333
15.930031
10.149413
-223.8208
-20.645374
-66.672714
-411.20822
34.891205
-64.24887
-845.2798
6.5891495
-63.09633
-1265.2684
9.45289
98.813324
-394.2544
-105.44577
164.44083
-817.1089
-183.62546
201.12442
-1234.5587
-211.73193
-164.85826
-6.8375435
0.0
-304.0957
-338.46255
-15.420998
-541.44226
-313.40216
-243.32138
164.85826
6.8375435
-6.804595E-6
343.29987
-286.55334
-108.07581
139.23242
-202.73837
-353.49692
-8.849024
239.40541
14.37862
9.289684
-223.98405
-19.23129
-68.11925
-410.86517
37.189484
-66.55902
-844.9518
9.058332
-63.006317
-1264.9368
9.232079
97.47569
-395.20776
-102.93119
165.83124
-816.97064
-184.59256
200.53954
-1234.7233
-210.63289
-164.84645
-7.116775
0.0
-286.70767
-344.48657
-30.519552
-491.7266
-304.6698
-286.02274
164.84645
7.1168
6.8045947E-6
341.02356
-289.34586
-103.303055
180.8557
-183.90353
-371.86993
-9.310536
239.42343
13.774478
9.66822
-223.94647
-19.480852
-67.47809
-411.11783
36.33426
-61.34396
-844.49976
-0.64509964
-61.454544
-1264.4622
4.9738655
98.1734
-395.09924
-102.98876
163.23871
-818.1083
-180.80185
207.2868
-1233.9142
-220.365
-164.81415
-7.8290906
6.804595E-6
-274.73297
-348.7799
-35.642742
-444.54102
-294.2097
-313.28876
164.81415
7.8291163
-6.804595E-6
341.05487
-289.8622
-99.59457
236.58914
-177.32063
-391.6927
-10.5166025
239.1866
16.708553
10.626176
-223.69875
-21.701565
-66.151
-412.20105
29.991302
-63.19573
-845.49396
-8.395088
-63.784367
-1265.4375
-1.5342045
100.013466
-394.67807
-104.62314
157.23413
-819.21735
-180.2351
209.62344
-1233.4023
-226.12808
-164.78717
-8.378004
-6.804596E-6
-280.57202
-345.8534
-48.002098
-405.68884
-280.42722
-346.27243
164.78717
8.378004
0.0
335.2209
-291.5177
-103.028854
304.4458
-141.85452
-395.52472
-11.832754
238.9465
19.093513
11.360945
-223.46056
-23.691923
-65.19348
-413.0553
24.195902
-63.21332
-846.0921
-17.037512
-65.13593
-1265.9717
-7.1651955
101.48329
-394.32935
-106.04372
156.64272
-818.4552
-185.41452
209.71718
-1232.6028
-230.85605
-164.81795
-7.748748
0.0
-296.84927
-337.88687
-56.360916
-378.06506
-277.34918
-370.4297
164.81795
7.748797
0.0
323.1731
-297.8652
-105.4691
376.06378
-129.88841
-384.5504
-11.356497
239.00194
18.684322
10.504997
-223.444
-24.236769
-67.25419
-413.94186
17.764063
-69.94784
-847.4962
-17.567804
-69.68004
-1267.4908
-15.469676
100.78143
-396.21356
-102.34464
154.86263
-820.0759
-183.83661
203.6138
-1234.8301
-228.5839
-164.80164
-8.088269
-3.4022974E-6
-296.8931
-334.66803
-74.14519
-322.19836
-266.2407
-395.9795
164.80164
8.088296
0.0
309.94202
-312.20203
-77.125916
437.40906
-149.99193
-334.6915
-10.818766
238.91885
20.018412
10.95655
-223.24472
-25.821472
-66.72379
-414.5929
12.278816
-75.1728
-848.72754
-13.812387
-70.6538
-1268.6997
-15.52132
101.82125
-396.20758
-102.81141
150.30753
-821.6428
-179.48586
198.90619
-1236.169
-226.45737
-164.81255
-7.8628035
0.0
-300.9903
-330.01794
-85.274155
-262.07666
-259.84253
-405.3697
164.81255
7.862805
-3.4022976E-6
310.3579
-315.13153
-63.962547
496.3648
-173.97362
-297.1489
-10.187721
239.01195
19.222246
10.651717
-223.27315
-25.702843
-67.47742
-414.9784
9.581024
-71.99162
-848.83405
-21.626343
-67.57327
-1268.8075
-19.972223
101.737305
-397.23767
-100.13234
151.99088
-821.88855
-179.9523
196.10649
-1237.084
-225.41171
-164.81776
-7.7525015
-6.804595E-6
-296.1652
-327.9761
-99.01862
-224.23972
-259.52338
-413.72635
164.81776
7.7524505
1.3609189E-5
310.1875
-315.50464
-63.02774
521.0208
-191.40717
-284.49814
-9.385222
239.21193
17.016916
10.504565
-223.32864
-25.277851
-67.817635
-415.2061
8.61451
-73.10456
-849.0869
-22.1181
-65.87056
-1269.0189
-24.301506
101.763145
-397.959
-97.91464
148.61923
-823.04626
-177.47786
200.00691
-1236.9857
-226.60426
-164.84021
-7.2599792
1.020692E-5
-273.72485
-334.22913
-104.09286
-166.87506
-252.81635
-405.51462
164.84021
7.259929
-1.360919E-5
306.3557
-318.71512
-57.564217
552.76965
-232.00046
-259.2093
-8.650481
239.34003
15.540825
9.839464
-223.41046
-24.818525
-69.3207
-415.7765
3.9735603
-71.67888
-849.3015
-31.739937
-68.90124
-1269.2904
-30.476522
101.37848
-399.92303
-92.3754
145.47794
-824.37524
-176.7589
195.52274
-1238.3849
-226.67383
-164.88019
-6.2866716
-3.4022976E-6
-256.36563
-339.92212
-99.58813
-131.57164
-254.16779
-392.79907
164.88019
6.286721
3.4022976E-6
303.66806
-322.418
-47.86586
569.3917
-248.3428
-228.98405
-7.7891674
239.31924
16.298033
8.5172825
-223.38416
-25.533762
-72.08487
-415.9295
-2.5213528
-72.426125
-849.5566
-37.053207
-75.16382
-1269.5352
-33.80979
99.64133
-401.59457
-89.07479
140.46384
-825.4224
-178.11679
194.41046
-1239.4958
-223.20546
-164.9073
-5.529841
0.0
-251.23566
-340.97104
-98.115326
-106.55495
-250.97964
-380.72644
164.9073
5.529816
0.0
304.80945
-323.66052
-40.756718
582.04736
-259.9951
-208.04652
-7.0684614
239.25061
17.583498
7.4901147
-223.3681
-25.992018
-74.214
-415.94977
-7.6415997
-73.20247
-849.3442
-44.96805
-75.863304
-1269.1909
-33.93669
98.30989
-402.9228
-86.0909
139.22827
-826.64856
-175.57376
188.29224
-1241.2872
-221.04366
-164.92725
-4.8995423
-1.7011489E-5
-257.7241
-338.6061
-98.125885
-88.51723
-255.19257
-368.88632
164.92723
4.899591
2.0413783E-5
299.06177
-327.1567
-36.695255
581.155
-267.09467
-197.05711
-5.3387885
239.35161
16.80173
6.6362114
-223.3865
-26.0659
-75.91608
-415.8922
-11.010466
-73.89339
-849.4552
-46.28086
-76.36375
-1269.2053
-32.006897
97.147064
-404.01968
-83.33231
138.64114
-826.5536
-178.03352
190.45007
-1241.1497
-220.76439
-164.94502
-4.25954
-2.721838E-5
-262.3703
-335.66913
-101.37064
-77.995575
-240.60027
-358.018
164.94502
4.2595654
2.721838E-5
303.7127
-326.33527
-32.412918
588.7483
-265.23865
-187.08002
-4.43375
239.31905
17.513866
5.7691255
-223.40294
-26.131294
-77.593666
-415.66113
-12.441054
-79.16124
-849.42664
-45.151775
-72.58341
-1269.3075
-37.616802
95.74445
-404.65698
-82.268715
136.59323
-826.8955
-178.55487
189.48059
-1241.0029
-224.57617
-164.94202
-4.3736734
1.02068925E-5
-265.6852
-334.6171
-101.93184
-78.931
-235.8255
-355.4335
164.94202
4.373674
-1.3609192E-5
307.63312
-324.59097
-31.960892
594.3308
-261.7165
-182.796
-5.070638
239.25291
18.229885
5.923988
-223.40991
-26.036983
-77.296684
-415.7165
-12.162074
-78.95488
-849.79266
-40.448723
-70.580345
-1269.7075
-39.29464
96.01809
-404.59848
-82.19533
137.76035
-826.54675
-179.36646
192.54709
-1240.3993
-225.45828
-164.94496
-4.2617016
3.4022976E-6
-275.93475
-325.7004
-118.145805
-76.56685
-244.29044
-368.19553
164.94496
4.2617016
-3.4022976E-6
300.8319
-327.04688
-37.00517
583.91595
-253.45303
-189.80362
-4.7425013
239.3331
17.23902
5.7741003
-223.48271
-25.438944
-77.52662
-415.66437
-10.365722
-78.39513
-849.556
-41.385418
-67.815765
-1269.3601
-34.133698
95.709175
-404.70135
-81.75482
143.87048
-824.9397
-183.26962
190.65913
-1240.5234
-222.01099
-164.92871
-4.8493905
-3.4022976E-6
-291.61807
-322.53217
-112.37196
-107.80525
-230.34528
-370.46967
164.92873
4.849366
3.4022983E-6
308.28137
-322.64163
-42.422558
580.0646
-237.38925
-209.0536
-5.581432
239.19992
18.768368
6.568718
-223.40593
-25.916138
-76.020386
-415.7885
-9.546091
-75.53915
-849.52
-42.73841
-66.28818
-1269.4102
-40.14878
96.91943
-403.8165
-84.12928
145.38365
-824.22394
-184.79605
192.1063
-1239.6196
-225.58057
-164.89784
-5.8052716
0.0
-279.55493
-328.90918
-109.80714
-131.11864
-222.00993
-384.46915
164.89784
5.8052716
0.0
308.287
-320.6224
-49.845024
561.7321
-226.72142
-239.18115
-7.423432
239.29858
16.765495
7.866136
-223.43887
-25.262499
-73.45044
-416.06287
-5.6763973
-75.62475
-849.81006
-38.595436
-65.01778
-1269.6753
-37.764065
98.965805
-402.85358
-85.35588
145.97638
-823.02454
-187.68558
195.47473
-1238.5826
-223.20134
-164.89597
-5.857976
1.0206892E-5
-265.34167
-335.17282
-105.17783
-147.1836
-209.71133
-386.59937
164.89597
5.8579764
-1.360919E-5
309.83423
-318.6617
-57.270065
549.36707
-221.15582
-262.24966
-7.93508
239.36108
15.598356
7.9418316
-223.55585
-24.180895
-73.18757
-416.02356
-2.4047089
-76.404015
-849.67267
-36.509087
-67.0208
-1269.5522
-32.898197
99.01723
-402.8761
-84.5921
146.17561
-823.4131
-185.33783
193.83368
-1238.8889
-224.1781
-164.88634
-6.1234827
-1.0206894E-5
-255.52156
-340.1427
-99.07778
-204.65472
-204.8848
-395.75586
164.88634
6.123457
1.360919E-5
313.8036
-314.32898
-68.80348
510.12573
-203.20845
-309.65582
-7.305497
239.55217
12.703803
8.30613
-223.6592
-23.077572
-72.271034
-415.80646
3.1283436
-69.225426
-848.41406
-42.32952
-67.12339
-1268.2258
-29.93224
99.308975
-402.22787
-85.78088
146.91785
-822.9994
-185.32825
197.23256
-1237.6097
-229.67542
-164.87674
-6.3765154
3.402298E-6
-256.7699
-341.62695
-93.60978
-263.61234
-211.66948
-396.8658
164.87674
6.3765154
-3.402298E-6
311.9889
-313.93393
-73.20691
444.7827
-186.70438
-347.21133
-7.4258375
239.50859
13.434827
8.647372
-223.59627
-23.556936
-71.40971
-415.2542
7.396307
-65.67564
-847.1929
-43.8004
-62.873016
-1266.9385
-29.45625
99.21977
-400.58862
-91.16128
149.42734
-821.61145
-188.3415
198.08185
-1236.2172
-234.5458
-164.87355
-6.4584794
-1.0206891E-5
-257.44955
-341.74963
-92.78752
-329.42422
-216.48611
-389.48383
164.87355
6.4584794
1.0206891E-5
312.48526
-312.15375
-79.35394
369.14587
-179.07307
-375.96667
-8.072051
239.53424
12.577347
8.764514
-223.74368
-22.066893
-70.849075
-414.77673
13.542761
-60.68743
-846.01245
-42.64895
-63.2827
-1265.5796
-23.76156
99.06573
-400.12744
-91.59714
153.59268
-821.2914
-185.7922
203.26978
-1235.5713
-233.79526
-164.82832
-7.525218
1.0206921E-5
-256.58337
-346.91937
-77.411835
-387.1275
-227.77261
-356.09134
164.82831
7.525192
-6.804595E-6
343.47577
-291.69675
-90.28468
292.58627
-166.96103
-391.53418
-11.437351
239.21434
15.6743555
10.208538
-223.60387
-22.849396
-67.95793
-414.5909
16.060112
-56.535637
-846.1543
-37.30237
-59.059227
-1265.8821
-22.394247
100.99611
-398.10828
-96.37371
156.9534
-819.7964
-187.32924
206.94156
-1233.9166
-236.37643
-164.77164
-8.677902
-2.041384E-5
-244.20972
-353.3604
-66.95957
-420.4818
-246.8191
-324.7911
164.77164
8.677852
2.041384E-5
357.70953
-279.72424
-95.91236
228.59833
-191.63387
-386.55026
-12.028935
239.20721
15.336737
11.769541
-223.47597
-23.34466
-64.766975
-414.3203
19.323843
-54.498398
-846.431
-29.664919
-55.24834
-1266.2446
-17.174068
103.05371
-396.01044
-100.79826
161.17172
-818.1061
-188.44852
210.50308
-1232.6381
-234.59647
-164.70923
-9.791017
-6.804595E-6
-245.21259
-355.70935
-58.81922
-461.17767
-273.091
-294.26196
164.70923
9.790992
6.804595E-6
359.0622
-275.4269
-102.360535
188.27731
-196.87418
-373.58368
-13.635941
238.89842
18.482433
13.274233
-223.3075
-24.136257
-61.680763
-413.91095
22.2541
-55.68808
-846.8224
-19.897453
-51.638947
-1266.7885
-16.423033
104.904396
-393.68948
-105.8302
164.95935
-816.26904
-189.76431
212.2134
-1231.2542
-233.97285
-164.7005
-9.936941
6.804596E-6
-240.51697
-358.47852
-48.68922
-488.66586
-293.50104
-256.29474
164.70052
9.93689
0.0
354.92212
-279.34485
-98.64992
154.40056
-219.59921
-353.83917
-14.097242
238.68265
20.781353
13.464912
-223.17607
-25.221783
-61.25489
-413.4107
23.02481
-53.47878
-846.47437
-17.229088
-52.488922
-1266.4159
-10.294029
104.71334
-392.2957
-109.91109
167.3765
-814.88367
-191.8727
212.81682
-1230.6849
-229.87929
-164.65517
-10.661959
-1.360919E-5
-245.79742
-358.9697
-41.20269
-495.648
-303.29623
-249.46976
164.65517
10.66196
6.8045965E-6
352.8227
-280.9246
-95.76148
141.99191
-226.8863
-343.81442
-15.8431225
238.50418
21.557964
14.444542
-223.0713
-25.603626
-59.353897
-413.40585
23.656384
-53.429325
-846.8655
-12.43597
-50.79553
-1266.8572
-12.140127
106.154625
-391.26117
-111.63519
169.5415
-813.4993
-194.83392
214.548
-1229.4089
-232.16473
-164.60184
-11.455761
-6.8045947E-6
-249.0221
-360.57025
-24.33708
-501.65845
-312.48465
-231.12839
164.60184
11.455761
6.8045947E-6
345.1333
-285.9191
-92.6099
132.89157
-231.69804
-339.41656
-17.396597
238.37617
21.77537
15.519776
-222.99567
-25.633413
-57.182693
-413.28357
25.404482
-54.6487
-846.96094
-8.397135
-52.731953
-1266.9417
-4.858323
107.69091
-390.15292
-113.17159
165.37708
-814.7313
-188.20798
211.75217
-1230.23
-228.3359
-164.52263
-12.542073
0.0
-238.85544
-364.21194
-20.073275
-512.38654
-333.40726
-202.09474
164.52263
12.542048
6.8045947E-6
338.28607
-288.8037
-92.72008
123.80321
-235.2835
-337.73578
-18.57928
238.23642
22.32075
16.9886
-222.85197
-25.94951
-54.27301
-413.21216
26.821527
-47.85221
-846.453
-11.728651
-51.678555
-1266.3308
-2.3486147
109.82108
-388.66907
-115.31848
167.06058
-813.55804
-188.92549
215.13934
-1228.7012
-230.69385
-164.47961
-13.09406
6.8045942E-6
-230.3785
-366.76483
-13.202522
-508.9124
-327.77576
-185.82553
164.47963
13.094111
-1.360919E-5
335.4152
-290.14362
-91.803734
120.54706
-237.50131
-336.672
-19.681726
238.11351
22.684515
17.735294
-222.78069
-26.061903
-52.83478
-413.29742
27.072275
-49.520573
-846.74036
-9.5506115
-53.042015
-1266.6082
0.38297844
111.004395
-388.1134
-115.8726
165.22437
-813.8574
-186.77545
214.75652
-1228.5015
-231.68546
-164.33066
-14.84706
0.0
-225.86317
-368.98938
-19.923378
-505.01843
-332.33893
-192.05438
164.33066
14.847112
0.0
336.3172
-289.55466
-85.79156
126.40376
-233.83522
-334.25018
-21.277403
237.59929
26.341007
20.078527
-222.23415
-28.876223
-48.637154
-413.71454
23.214224
-48.15587
-847.51355
-9.084143
-48.89692
-1267.4768
-3.5754795
114.52685
-385.3861
-121.40162
167.50975
-811.2251
-192.66823
216.83485
-1226.2635
-234.02223
0.0
0.0
0.0
0.8000001
0.8000001
0.8000001
0.9199997
0.9199997
0.9199997
0.8309709
0.8309709
0.8309709
1.2599999
1.2599999
1.2599999
0.0
0.0
0.0
1.1299999
1.1299999
1.1299999
0.98999995
0.98999995
0.98999995
0.0
0.0
0.0
0.0
0.0
0.0
0.0
0.0
0.0
0.0
0.0
0.0
0.0
0.0
0.0
0.0
0.0
0.0
0.6399975
0.6399975
0.6399975
38
79
true
turning hands
