-164.97711
2.7487066
6.8045947E-6
-510.8295
-96.758644
9.188922
-520.3351
208.80148
-115.07963
164.97711
-2.7487066
-3.4022971E-6
507.59842
-84.1023
74.78116
536.10736
240.43063
22.191994
15.39514
239.22777
11.535384
-3.7209065
-223.32819
27.12333
-95.30561
-412.27985
24.038342
-110.73748
-845.4806
60.42435
-92.232544
-1260.2732
-2.857998
79.267365
-410.1582
75.1597
98.91161
-843.74536
104.16435
92.25083
-1262.457
71.97437
-164.96585
3.3572097
8.5057445E-6
-509.6848
-100.163055
7.2393603
-519.5172
204.23364
-119.82744
164.96585
-3.357237
-6.804595E-6
508.14624
-83.01718
74.03714
535.3524
241.07733
18.157173
15.326435
239.27011
10.720108
-4.5425515
-223.21077
27.952082
-96.76503
-411.8636
25.684921
-112.807434
-845.26794
59.275406
-89.446655
-1259.9628
-3.0344162
77.63863
-410.24854
76.564156
103.3354
-843.28955
108.81512
97.64382
-1260.6641
62.27366
-164.9617
3.555905
-2.0413785E-5
-509.08307
-101.96988
6.6911864
-520.8109
203.86813
-116.70076
164.96167
-3.5559046
2.2114937E-5
506.22995
-90.11095
75.1277
536.6715
234.06776
21.448292
15.959528
239.1849
11.656031
-4.8109074
-223.18329
28.12607
-98.257225
-411.2303
25.654991
-114.903
-844.4702
61.025757
-89.59293
-1258.8223
-2.7849007
78.10085
-409.8053
77.094154
100.63926
-843.2457
106.18695
95.8256
-1259.621
51.336845
-164.95808
3.7188504
1.531034E-5
-508.64716
-103.27961
5.3992467
-519.36127
202.96411
-117.075226
164.95808
-3.718877
-1.0206892E-5
507.6548
-87.60183
71.572586
538.3696
235.36612
11.171429
15.560568
239.15073
12.837474
-5.0296774
-223.10193
28.726774
-99.205475
-410.78336
26.156797
-114.36584
-844.2493
59.35949
-89.45686
-1258.0431
-8.125992
78.141174
-409.3476
78.67846
97.49446
-843.0981
105.342674
90.879486
-1258.2354
41.960228
-164.9615
3.5639155
4.2528718E-5
-508.64502
-103.348274
7.1723614
-513.20593
202.61862
-116.372986
164.9615
-3.563915
-3.7425267E-5
508.34857
-86.5389
69.28549
534.3828
236.7197
8.243797
15.542736
239.21823
11.535043
-4.819752
-223.08969
28.857601
-98.71555
-410.92065
27.097633
-113.503204
-844.36395
60.76115
-88.66613
-1257.5164
-10.570705
78.4715
-409.42114
78.285904
96.831184
-843.1627
105.78437
91.003044
-1258.8757
46.212975
-164.96735
3.2823715
-5.1034463E-6
-509.63623
-100.5156
5.415408
-517.28815
207.46756
-112.85476
164.96735
-3.282372
1.7011491E-6
507.9275
-86.503136
71.081924
536.3898
236.79675
11.356876
15.890103
239.23796
10.616061
-4.4398093
-223.14053
28.523462
-98.55741
-410.849
25.802204
-112.21994
-844.4188
58.292175
-91.19513
-1261.1238
10.178413
79.68221
-409.02094
78.24222
96.584564
-842.77356
106.49035
84.9129
-1261.0883
70.76042
-164.93965
4.462467
-1.7011489E-5
-509.34686
-99.80426
10.588965
-515.75726
207.45746
-109.61567
164.93965
-4.4624667
1.8712637E-5
508.85205
-87.073586
67.0796
532.4687
236.89038
8.85931
16.364265
239.2278
10.113166
-6.0344195
-223.04276
28.991682
-102.37089
-409.6407
28.292986
-116.789276
-843.6637
53.613396
-80.27844
-1258.404
-1.6803513
77.74411
-409.39923
77.493454
94.91754
-843.01025
107.68505
86.18277
-1260.9897
67.475136
-164.9519
3.9834092
1.7011488E-6
-509.19922
-100.78217
10.860493
-513.7994
207.33334
-107.222855
164.9519
-3.9834092
-1.7011488E-6
509.0944
-85.56496
67.15941
537.2625
238.62428
12.315208
16.41515
239.24179
9.690728
-5.388322
-223.13078
28.43627
-100.72809
-410.23877
27.469776
-115.87131
-844.04443
55.90043
-84.80058
-1259.7905
5.0100136
78.535614
-409.57278
76.35445
95.14501
-843.2167
106.39017
89.73713
-1261.0581
64.20886
-164.96742
3.278881
-5.103447E-6
-509.73895
-99.89
9.423069
-515.4161
211.00194
-101.09386
164.96742
-3.2788537
5.103447E-6
508.7708
-83.09304
70.91485
535.5741
240.3854
11.389427
17.248465
239.22919
8.478684
-4.4393115
-223.35388
26.801697
-98.03001
-411.31677
23.525637
-113.96051
-844.93195
54.33314
-84.334625
-1259.8789
-3.470852
79.38378
-409.93494
74.35385
96.910416
-843.3157
107.50488
93.43784
-1261.0485
64.062675
-164.97797
2.696251
1.1908041E-5
-510.19092
-99.04263
8.786335
-512.46533
209.66837
-107.79993
164.97797
-2.696251
-1.1908041E-5
508.67615
-81.514854
72.52031
536.2606
243.03375
19.536182
17.002066
239.26385
7.9839125
-3.6501772
-223.34889
26.962015
-97.402695
-411.2102
22.649866
-112.40638
-844.5946
56.96971
-83.28601
-1258.1627
-10.21199
81.54694
-409.01605
75.63595
96.822556
-842.65027
106.50647
95.17936
-1260.3906
63.028404
-164.96883
3.2074816
1.3609189E-5
-510.53113
-97.40853
7.9454536
-512.87476
213.40698
-102.90669
164.96883
-3.2074816
-1.3609189E-5
508.57007
-82.91203
72.00954
536.76855
241.77327
20.199429
16.467321
239.31535
7.5483646
-4.3434596
-223.396
26.464277
-99.09392
-410.72815
21.076899
-111.665665
-844.08685
56.67433
-82.85121
-1256.884
-15.21579
80.68596
-409.09872
75.29554
96.43119
-842.6552
107.01107
94.97799
-1259.7086
57.369156
-164.96344
3.4739773
2.2114946E-5
-510.48306
-97.36942
6.8393188
-510.50195
211.1362
-110.31137
164.96341
-3.4739766
-2.0413792E-5
508.74454
-85.76478
68.13772
540.25287
238.15613
13.525581
16.139982
239.32262
8.0118885
-4.70526
-223.43254
26.091236
-99.624855
-410.6538
19.88826
-111.1718
-844.0416
55.478214
-82.06223
-1256.2063
-19.841053
79.8844
-409.28998
75.09733
96.425354
-842.7676
107.4792
95.25495
-1258.9329
50.865616
-164.9629
3.4991543
5.1034494E-6
-510.2851
-98.00811
6.989165
-505.92657
207.72153
-117.1494
164.96289
-3.4991813
-3.4022976E-6
508.9324
-85.178246
67.92271
537.1228
239.74051
17.592957
15.606898
239.34409
8.416025
-4.738396
-223.38599
26.481174
-100.10715
-410.35553
19.6119
-111.51626
-843.8584
53.819
-83.308014
-1256.5349
-18.998566
80.13039
-408.8005
76.66832
96.10741
-842.53143
105.77518
93.335526
-1259.0295
51.72249
-164.95291
3.941545
-5.1034463E-6
-509.4915
-100.076744
8.564651
-509.22354
204.8789
-117.53831
164.95291
-3.9415455
3.402298E-6
508.499
-86.90418
68.50757
538.92615
236.97284
13.029095
15.311274
239.34369
8.95347
-5.338279
-223.40747
26.184093
-100.45172
-410.51562
19.553434
-117.31361
-844.81683
37.52964
-72.94545
-1258.7274
-18.233437
78.33841
-409.5257
75.76454
95.73752
-843.1664
105.39641
87.348564
-1255.8723
27.914589
-164.95604
3.8085988
6.804596E-6
-509.44946
-100.27621
9.520355
-510.68784
207.0213
-110.75718
164.95604
-3.808599
-1.0206895E-5
508.3955
-88.15112
67.34741
537.0317
235.28485
8.447834
15.752778
239.27654
9.929536
-5.1585674
-223.4264
26.058346
-99.72893
-410.81177
19.487667
-107.11985
-845.41296
36.580223
-72.939156
-1260.652
-16.412933
78.298485
-409.6997
75.425964
97.1337
-843.24493
105.57184
90.29756
-1257.3446
35.752663
-164.94681
4.1892047
-1.7011489E-5
-510.09573
-97.609764
10.448512
-505.56305
208.64542
-112.38148
164.94681
-4.1892314
1.7011489E-5
509.89127
-89.38707
57.919384
536.5756
235.23
4.893814
14.948106
239.22342
12.194578
-5.6709275
-223.28949
27.104288
-99.644516
-411.04004
22.780478
-112.382576
-845.2323
46.01513
-79.66402
-1259.0795
-17.702854
76.33426
-410.28546
76.17224
95.64956
-843.81433
106.24924
88.469284
-1259.3145
45.355602
-164.95276
3.9489086
2.5517238E-5
-508.3859
-103.86122
5.537221
-505.58926
201.69951
-119.06145
164.95273
-3.9488811
-2.721838E-5
509.85162
-88.99184
58.41617
534.93695
236.75548
11.946518
15.374728
239.07695
14.346624
-5.344346
-223.2439
27.542719
-99.15717
-411.07352
23.162455
-113.14998
-845.12506
48.23165
-86.76885
-1255.3634
-37.841095
76.97409
-409.90756
77.34585
94.978455
-843.5409
106.72211
83.479965
-1258.6885
44.110035
-164.94919
4.09383
-1.8712637E-5
-508.8207
-102.229996
6.8998313
-508.3289
203.42073
-117.50834
164.94919
-4.093857
1.8712637E-5
510.41083
-88.8707
55.399883
536.5142
236.87885
9.510544
14.959065
239.07712
14.777212
-5.542269
-223.30968
26.964285
-100.04901
-410.79898
22.934757
-112.54419
-844.51953
53.843178
-86.17917
-1255.05
-30.830559
77.26152
-410.09998
75.47107
93.8456
-843.7377
105.60971
82.35561
-1259.3179
45.935394
-164.93518
4.6245685
-1.02068925E-5
-510.19382
-97.25062
4.235174
-509.59766
209.01358
-118.65452
164.93518
-4.624541
1.02068925E-5
510.43695
-89.14163
55.54624
534.844
236.65723
9.076927
13.59789
239.16925
14.600321
-6.2626553
-223.35986
26.384682
-101.32329
-410.5405
21.199455
-114.902596
-844.3408
50.488564
-95.66813
-1254.2466
-38.994812
75.888145
-410.3996
75.04051
92.61525
-844.058
104.79985
82.510216
-1259.9437
47.033615
-164.95639
3.793905
-6.804596E-6
-510.88577
-95.65669
6.514584
-511.64474
210.45345
-116.757484
164.95639
-3.793877
1.190804E-5
510.1616
-89.6668
55.310062
534.25604
236.67636
12.653389
14.685344
239.13431
14.110636
-5.1383457
-223.4144
26.16493
-98.26248
-411.5779
21.433407
-114.6925
-845.31464
50.199608
-95.29529
-1255.6562
-37.227325
77.02475
-410.62045
74.1557
95.88851
-844.2483
103.07008
93.09432
-1262.3411
63.188156
-164.9622
3.5317106
-3.7425274E-5
-511.097
-95.19392
6.628512
-513.00836
213.34485
-110.41928
164.9622
-3.5317106
3.7425274E-5
509.99225
-88.80812
57.29073
534.40466
237.91685
17.859356
14.667202
239.16176
13.657143
-4.7845902
-223.48427
25.629894
-97.550705
-411.8051
20.179722
-114.55301
-845.5598
48.33577
-95.27312
-1256.1194
-38.088455
77.64245
-410.62122
73.43744
95.20485
-844.2228
103.54201
88.71303
-1261.5804
56.954197
-164.95871
3.6913188
-1.8712637E-5
-513.249
-85.93452
16.158253
-517.1935
220.47867
-106.29747
164.95871
-3.6913188
1.8712637E-5
509.80292
-89.62531
57.426613
534.29346
236.68674
14.757442
14.839749
239.29463
10.856193
-5.0061607
-223.71686
23.467247
-98.31792
-411.7339
16.94697
-116.09891
-845.2827
47.676064
-96.93779
-1255.2214
-41.672318
77.84396
-411.28723
68.779724
95.00802
-844.80554
100.28038
85.78372
-1261.4912
48.43505
-164.96164
3.557945
1.8712637E-5
-512.20825
-90.73372
11.351081
-514.81793
216.50029
-109.06671
164.96164
-3.5579715
-1.7011489E-5
509.1265
-88.97518
62.084255
531.9709
236.85892
15.070679
14.941991
239.26677
11.320541
-4.825467
-223.7289
23.389982
-97.206825
-412.1771
16.11279
-117.0679
-845.7843
44.66691
-96.71039
-1256.0023
-43.12121
77.35313
-411.43597
69.35439
95.51848
-844.8948
101.111595
87.24147
-1263.6302
69.614044
-164.96347
3.4721682
-1.7011488E-6
-511.88824
-92.22031
9.28217
-514.47284
212.84525
-116.52856
164.96347
-3.4721682
1.7011488E-6
508.7121
-89.27693
63.831173
529.33655
237.03996
19.200459
14.892421
239.20345
12.645826
-4.708913
-223.72214
23.478369
-97.36465
-412.02014
15.81233
-118.62944
-846.38464
25.827486
-94.56792
-1259.614
-45.323593
77.901535
-411.12415
69.911
95.48343
-844.5548
102.371826
88.10434
-1263.8
78.30852
-164.95015
4.0555964
1.1908046E-5
-512.3859
-89.54204
11.307895
-513.2461
217.33745
-110.03561
164.95015
-4.055596
-1.0206896E-5
509.03052
-89.1054
63.049496
530.69556
236.8371
16.229488
13.254902
239.3496
11.665434
-5.4967284
-223.56436
24.774313
-99.600334
-411.21854
19.259007
-121.28292
-845.55444
29.61176
-93.40654
-1261.9939
-17.303524
77.201744
-410.92804
71.204994
95.01355
-844.4079
102.87421
86.24073
-1262.7168
66.25792
-164.94714
4.175856
1.7011489E-5
-512.084
-90.85509
8.07211
-517.13086
218.03566
-107.94967
164.94714
-4.175884
-1.8712637E-5
508.1879
-89.93558
66.56622
530.7032
235.5307
16.920078
13.5102625
239.36656
11.006035
-5.660774
-223.60213
24.393602
-99.649055
-411.26874
17.505928
-119.23881
-845.51
34.112892
-92.867874
-1262.7312
-6.273094
76.604065
-410.98465
71.51351
94.724106
-844.57
101.52039
87.24974
-1263.0062
66.090836
-164.9554
3.8362405
0.0
-511.22845
-94.48468
5.286061
-510.361
212.80057
-115.026146
164.9554
-3.8362126
3.4022976E-6
508.23657
-87.418564
69.07995
528.9057
238.44545
21.27391
14.059406
239.32756
11.164718
-5.200061
-223.60013
24.51416
-98.55298
-411.56262
17.075144
-116.235664
-845.7292
37.365974
-87.52713
-1262.6777
-4.223881
77.14307
-410.76434
72.35933
95.7015
-844.5383
99.20488
87.69797
-1262.8805
62.793953
-164.962
3.5410774
-2.8919529E-5
-511.15723
-95.13741
3.380884
-511.20325
210.98242
-119.869385
164.962
-3.541105
2.8919529E-5
508.19568
-85.1503
71.62815
530.88
240.74005
24.927872
14.065559
239.34332
10.813781
-4.800698
-223.64201
24.211645
-98.227325
-411.52374
15.731381
-114.06155
-845.55237
40.09264
-88.16162
-1261.1815
-14.511665
78.26016
-410.37512
72.49864
95.1945
-844.279
98.29918
85.76774
-1262.3015
58.69754
-164.96202
3.5399947
2.381608E-5
-511.08997
-95.38823
2.9407237
-511.85974
211.07533
-119.45002
164.96202
-3.5399952
-2.8919529E-5
507.82092
-85.901535
72.555824
528.832
240.73396
30.510754
13.849927
239.37508
10.380288
-4.7997437
-223.66681
23.98164
-98.37335
-411.4525
15.008669
-113.47192
-845.397
41.262722
-89.818344
-1261.2782
-12.433807
78.41146
-410.31323
72.34483
94.24313
-844.23566
98.5302
85.291794
-1261.8982
55.195026
-164.96524
3.3861523
-1.7011489E-5
-511.58096
-93.817314
3.0008693
-510.0949
212.39297
-120.01556
164.96526
-3.38618
2.0413792E-5
507.70648
-85.881226
72.95917
528.5889
240.94562
32.361675
13.36096
239.3647
11.226094
-4.5908484
-223.65553
24.127306
-98.317024
-411.35767
14.99966
-112.71157
-845.18567
43.47871
-67.0855
-1257.3359
-23.232822
79.08951
-410.0031
72.83236
94.301735
-844.0039
98.069145
84.82214
-1260.0842
41.612724
-164.95685
3.772799
-1.1908041E-5
-511.80765
-92.520386
4.7055387
-513.95496
215.47507
-113.76052
164.95685
-3.772799
1.1908041E-5
507.7397
-88.18993
70.524376
526.95276
238.30832
26.595615
13.001226
239.31876
12.5499525
-5.1139474
-223.59476
24.58121
-100.09894
-410.69406
16.11324
-113.43391
-844.5446
44.764027
-93.94306
-1255.6334
-39.05785
78.92911
-409.77124
73.31604
100.812904
-843.7172
94.21988
83.92952
-1259.6523
38.425716
-164.95409
3.8926535
8.5057445E-6
-512.1779
-91.05858
4.455321
-512.1261
214.37654
-120.48218
164.95409
-3.8926535
-8.5057445E-6
507.77502
-89.38505
69.02798
526.862
237.86023
30.99886
11.92475
239.31232
13.690175
-5.2748957
-223.52962
25.133307
-100.35274
-410.6055
17.207363
-114.66062
-844.4317
45.75735
-95.37834
-1252.8124
-50.437572
78.543526
-409.7085
74.2444
97.059006
-843.75354
96.31475
83.588715
-1260.1562
43.14173
-164.95354
3.9152918
-6.804595E-6
-512.30096
-90.66624
2.0243015
-514.30536
218.65814
-112.92968
164.95355
-3.9152918
1.0206896E-5
507.21683
-90.347084
70.60718
528.8557
235.88312
25.823112
11.157142
239.31206
14.326808
-5.304707
-223.49147
25.46408
-100.45216
-410.52356
17.342276
-115.62129
-844.2794
46.509583
-99.10373
-1251.761
-53.91912
78.46593
-409.50677
75.27161
95.619026
-843.60156
97.46438
82.7923
-1260.1731
45.467693
-164.9647
3.4119709
6.804595E-6
-513.68365
-85.91855
-3.8877354
-515.3824
219.986
-127.65984
164.9647
-3.4119706
-3.4022974E-6
504.85712
-92.487495
78.34982
533.39923
234.43503
43.607662
11.174649
239.1987
16.096815
-4.619508
-223.34792
26.820936
-99.17395
-410.70947
19.398117
-113.838745
-844.40356
49.7194
-100.36584
-1251.5481
-52.514534
79.531815
-408.7843
78.123055
95.46011
-842.892
100.96483
87.93548
-1262.0363
75.24487
-164.97473
2.8879998
-8.505743E-6
-514.3583
-83.81266
-3.7615938
-504.18875
221.39511
-128.84079
164.97473
-2.8879998
8.505743E-6
499.51245
-97.69296
93.2552
539.4234
225.20377
38.075397
11.589885
239.16103
16.360909
-3.909412
-223.32329
27.137375
-97.44933
-411.2314
20.748436
-113.127335
-844.9956
49.519943
-100.143715
-1252.0349
-53.195137
80.44393
-408.7786
78.03771
95.79005
-842.84656
102.00598
87.593735
-1261.6881
71.929756
-164.97884
2.6431124
-1.360919E-5
-514.17535
-84.846214
-2.7207546
-512.55554
224.16663
-118.51554
164.97884
-2.6430848
1.360919E-5
503.8172
-92.957016
81.4368
539.073
230.82057
28.285225
11.932506
239.05836
17.570282
-3.5777411
-223.32176
27.195322
-96.99489
-411.30093
21.106895
-112.96014
-845.00854
50.565826
-74.92793
-1254.0878
-36.656586
81.22168
-408.62836
77.8957
96.26111
-842.494
105.4522
86.56951
-1260.3862
64.55935
-164.98247
2.4044673
1.7011489E-5
-513.87646
-86.3101
-1.6468837
-513.6228
220.93588
-122.062195
164.98247
-2.4044673
-1.5310337E-5
505.98932
-90.0431
75.05863
535.536
235.8742
32.5744
12.362278
238.97403
18.40078
-3.2546003
-223.31544
27.28772
-96.67833
-411.3045
21.621
-112.692924
-845.00726
51.12412
-80.77356
-1253.4414
-41.410946
82.10981
-408.4362
77.71817
96.16723
-842.3832
104.50232
77.512665
-1258.4358
50.16842
-164.98717
2.0577993
2.3816085E-5
-513.2719
-88.90208
-4.902868
-512.59216
219.24332
-122.99588
164.98717
-2.0577996
-2.5517238E-5
506.52875
-87.43254
75.23628
535.1316
239.06496
36.749077
13.784168
238.78621
19.77703
-2.7852974
-223.31639
27.33182
-96.34964
-411.19794
20.532225
-110.59746
-844.91077
50.784138
-84.92955
-1253.7827
-41.762814
83.39856
-407.76846
78.80772
98.30496
-841.7577
104.42276
83.145485
-1258.3105
52.907253
-164.9876
2.0235958
2.7218379E-5
-513.2348
-89.15749
-3.149368
-509.93167
215.57626
-129.7449
164.9876
-2.0235684
-3.232183E-5
506.88666
-87.52644
73.44572
533.3262
238.91743
33.006393
14.0154
238.81581
19.250584
-2.7391078
-223.32672
27.251965
-96.84149
-410.94916
20.728106
-110.225845
-844.81995
49.047714
-87.36943
-1254.186
-42.039795
84.092674
-407.59692
78.28864
98.35314
-841.6394
103.3642
81.9115
-1257.9517
50.31893
-164.98343
2.338792
-3.5724126E-5
-513.2257
-88.68593
6.467417
-512.7461
218.96541
-112.90774
164.98343
-2.3388195
3.742527E-5
508.91653
-87.294846
63.972675
534.47864
240.03337
30.763859
13.6344795
238.89255
18.55939
-3.1600745
-222.91753
30.377481
-98.05351
-410.25406
30.883858
-113.87243
-844.59576
48.82878
-89.84925
-1254.1235
-41.22648
83.864624
-407.5224
79.85215
96.76932
-841.6793
103.64752
80.77068
-1257.8088
49.055916
-164.98491
2.231071
2.5517238E-5
-513.29126
-88.61387
5.4665003
-517.25195
218.89465
-114.2116
164.98492
-2.2310433
-2.381609E-5
508.97592
-86.78166
64.197945
536.5044
239.49376
23.130424
13.701705
238.95303
17.71172
-3.0165539
-223.0728
29.230583
-98.148254
-410.28195
27.589254
-113.58668
-844.5402
47.749054
-84.30072
-1257.709
-21.77729
84.474464
-407.42615
78.82058
96.3426
-841.68396
101.27734
82.31525
-1257.5458
44.16154
-164.98563
2.1774213
1.0206892E-5
-513.7475
-86.79555
6.99915
-517.00757
218.56923
-118.06771
164.98563
-2.177449
-8.505743E-6
509.01666
-87.306854
63.21106
536.73
238.63437
19.687634
14.57757
238.92047
17.449814
-2.9450536
-223.14868
28.65304
-98.733665
-410.015
26.303024
-114.01043
-844.26196
46.827385
-85.51493
-1256.9253
-25.95279
85.35158
-407.21008
77.89842
96.06105
-841.5276
99.77529
82.69942
-1258.0367
47.41514
-164.9851
2.2162018
1.8712635E-5
-514.33484
-84.360466
7.696707
-514.54083
220.09076
-119.6194
164.9851
-2.2161736
-1.7011485E-5
509.02017
-89.53752
60.123726
537.1204
236.08778
14.5328865
14.465792
238.93684
17.318144
-2.9969707
-223.11221
28.93025
-99.08256
-409.8311
27.027336
-102.62645
-843.8318
56.281834
-89.19072
-1255.3354
-26.68967
85.50421
-407.07648
78.171455
95.31584
-841.4121
100.11073
81.391426
-1258.3641
51.56043
-164.98454
2.2574587
3.4022985E-6
-514.4015
-83.92619
8.953289
-517.7459
222.92476
-112.41931
164.98454
-2.2574859
3.4022976E-6
509.13794
-90.979
57.331863
533.8203
236.13602
21.463333
14.283804
238.95422
17.229404
-3.0530534
-223.12793
28.802902
-98.935844
-409.9568
27.589321
-108.62045
-844.05774
53.810944
-87.65445
-1260.7051
5.1756706
85.23704
-407.40704
77.23909
94.99988
-841.79944
98.04581
82.00399
-1259.3064
54.238277
-164.95074
4.031754
-2.0413789E-5
-513.9117
-83.388855
13.560995
-512.687
221.43759
-112.84837
164.95074
-4.031782
2.0413789E-5
509.80273
-93.759575
51.24473
533.1081
233.13388
12.547028
13.885416
238.9834
17.150185
-5.4545302
-223.16086
28.186365
-99.39213
-410.96924
30.122131
-110.56926
-844.9169
58.220825
-90.54347
-1261.9501
12.58881
77.233536
-410.8802
73.17675
98.14654
-844.30286
103.713066
83.44444
-1261.5554
58.060593
-164.96248
3.5187676
1.360919E-5
-513.7714
-84.72683
12.042914
-513.3483
219.83038
-115.018936
164.96248
-3.51874
-1.360919E-5
509.83887
-93.90444
49.906754
536.2283
232.0975
6.016842
13.937223
238.91794
17.999285
-4.7573667
-223.03009
29.324892
-99.30731
-410.53214
31.139685
-112.6294
-844.42053
59.218544
-104.38783
-1260.8499
5.1934013
79.540184
-409.58887
76.119705
97.119194
-843.33765
104.01169
73.495895
-1258.6576
46.121517
-164.94766
4.1550884
1.190804E-5
-513.81415
-83.72382
13.018189
-514.1808
220.2279
-115.485504
164.94766
-4.1550617
-1.531034E-5
509.79883
-95.65263
48.01961
536.4629
230.21211
3.2846222
13.486851
238.92476
18.2501
-5.6156607
-222.92973
29.92994
-100.15726
-410.4217
32.870583
-117.88487
-843.49097
69.77281
-99.82593
-1258.0269
4.7048645
77.236305
-410.13177
76.73753
96.61154
-843.77625
105.05811
79.73825
-1260.7501
57.64438
-164.95654
3.7862868
-3.4022974E-5
-513.65
-84.33676
15.72162
-515.7488
221.74036
-107.61687
164.95654
-3.7862587
3.572412E-5
509.98145
-95.636475
46.058327
534.6147
231.21863
7.8620567
13.652394
238.9422
17.895432
-5.1146746
-222.83203
30.736416
-100.32847
-409.96774
34.551044
-118.67923
-843.10876
70.287445
-100.7236
-1258.2373
9.083927
79.21667
-409.28403
77.89445
95.87713
-843.1394
104.669914
83.27734
-1260.9899
64.14572
-164.98311
2.3606033
1.7011489E-5
-513.9202
-84.90834
15.0676155
-518.69904
224.25066
-100.24875
164.98312
-2.3606317
-1.871264E-5
509.72403
-95.016075
46.568913
538.9295
231.20071
6.200241
13.884911
238.915
18.078495
-3.188581
-222.85074
30.860668
-95.96788
-411.20844
34.518948
-119.389755
-843.49744
76.97649
-86.2142
-1254.8281
-1.167305
81.9029
-408.844
78.4626
97.77709
-842.765
104.64557
87.57791
-1260.9476
66.9718
-164.98573
2.1698732
2.0413789E-5
-514.04346
-84.77861
14.095221
-514.67285
218.006
-117.133934
164.98573
-2.1698174
-1.8712637E-5
509.675
-95.085335
46.433212
539.1717
231.1268
6.2388763
15.03601
238.78519
18.856108
-2.9301295
-222.7959
31.279482
-96.37768
-410.82526
34.81685
-117.68266
-843.0896
78.61908
-77.61224
-1251.2173
-12.079178
83.183136
-408.14453
79.55354
94.092125
-842.2717
104.84324
89.135284
-1260.5374
67.03688
-164.97731
2.7361174
-2.7218384E-5
-513.8998
-85.16327
11.259835
-514.20166
219.28372
-116.066246
164.97731
-2.7361171
3.0620675E-5
509.7212
-94.74852
47.805466
539.2313
231.25645
5.973667
15.298235
238.77928
18.71916
-3.6949906
-222.79509
31.204088
-97.8112
-410.50153
34.10842
-115.961845
-843.4536
72.1611
-66.15166
-1249.4628
-23.104416
81.755104
-408.33005
79.9387
94.76276
-842.3705
105.721405
87.67133
-1260.5052
66.823715
-164.97137
3.0733435
-3.9126422E-5
-513.7864
-85.29831
10.888233
-509.95187
218.18747
-118.6559
164.97137
-3.0733435
3.9126422E-5
509.53003
-95.06586
49.160255
537.17596
231.85706
13.704308
14.439748
238.94156
17.27499
-4.1527376
-222.91212
30.297499
-98.57839
-410.4743
32.35171
-114.94505
-844.1859
61.530766
-65.045494
-1251.2725
-28.970913
80.904465
-408.79755
78.37953
94.33196
-842.78064
104.90156
88.607925
-1261.1877
68.809
-164.9532
3.9297311
-2.3816092E-5
-513.90906
-83.77564
11.729051
-513.19745
219.15353
-119.16556
164.9532
-3.9297314
2.2114944E-5
509.45197
-95.04083
51.179737
534.2259
231.77951
12.7775955
14.574619
238.98938
16.481806
-5.313233
-223.02785
29.246307
-101.16345
-409.8762
29.904697
-112.40211
-843.982
55.416267
-85.98021
-1255.9958
-21.697304
79.26678
-409.24423
76.88745
91.5851
-843.263
103.36365
89.164024
-1261.6384
66.537704
-164.94731
4.169908
3.4022983E-6
-514.1342
-82.50484
12.49028
-512.8026
222.71373
-112.96835
164.9473
-4.16988
-1.7011488E-6
509.41904
-94.327484
53.01733
532.81555
233.05408
18.754738
14.370356
239.0003
16.503025
-5.643221
-223.22766
27.614563
-100.30299
-410.68268
27.240946
-126.28357
-844.8251
35.62949
-81.46683
-1259.7256
-11.794193
77.3438
-410.5313
73.771835
89.38593
-844.4891
101.35147
85.76758
-1261.8806
54.755123
-164.96971
3.1605833
2.0413785E-5
-513.93005
-83.90597
15.687425
-516.7297
221.36465
-109.620285
164.96973
-3.160611
-1.8712637E-5
510.02704
-92.074425
51.281586
533.392
235.08902
14.975147
13.616462
239.04482
16.497633
-4.279412
-223.36732
26.715567
-97.495865
-411.5442
27.109327
-121.17711
-845.7048
40.100067
-74.391464
-1259.5504
-14.14801
79.75086
-410.71814
70.74486
86.14558
-844.86584
97.20001
75.57484
-1263.7126
67.94878
-164.97046
3.1215358
1.8712637E-5
-513.41797
-86.33598
13.478868
-513.22955
218.86394
-112.03197
164.97046
-3.1215355
-1.7011485E-5
510.12173
-90.28515
53.60125
535.0713
235.23495
5.495281
13.444747
239.03946
16.714575
-4.2262254
-223.35315
26.842297
-96.99403
-411.75186
26.606253
-119.76404
-845.8237
43.581787
-76.15092
-1260.3728
-7.8671265
79.37241
-410.69897
71.70667
88.513855
-844.97394
95.0886
81.33842
-1263.8145
64.7386
-164.9681
3.2440238
-4.9333314E-5
-513.08386
-87.45569
13.746903
-515.8562
219.56122
-107.21971
164.9681
-3.2440512
4.9333314E-5
509.5146
-90.20533
57.666874
534.82587
235.668
12.214458
13.205664
239.1066
15.926383
-4.390553
-223.27281
27.476809
-97.72734
-411.39044
27.454569
-120.863815
-845.7677
29.922756
-81.50983
-1259.971
-27.40889
79.42602
-410.33386
73.11611
90.86659
-844.494
97.59176
76.39928
-1263.5763
73.91171
-164.96086
3.593547
1.360919E-5
-512.9849
-87.97057
9.759556
-511.44922
216.15445
-118.324905
164.96086
-3.593547
-1.531034E-5
509.2279
-89.45896
60.887737
530.94635
236.1373
11.741226
13.723197
239.07059
16.029018
-4.86462
-223.31017
27.090572
-98.67355
-411.18518
25.398623
-122.27438
-845.534
28.418272
-71.145164
-1256.6053
-40.908043
78.54739
-410.32452
73.653076
92.30611
-844.3699
98.95732
81.46002
-1263.1786
69.26557
-164.9648
3.4081945
2.0413792E-5
-513.5583
-86.21454
7.095417
-511.43726
217.77292
-121.30676
164.9648
-3.4081945
-2.0413792E-5
508.85797
-88.54534
63.946537
532.22644
238.18738
23.95118
14.657904
238.97559
16.607904
-4.615014
-223.37944
26.557964
-98.47714
-411.20477
23.160479
-119.555984
-845.64526
29.652311
-74.37555
-1257.0203
-41.967262
79.21337
-410.03156
73.82092
93.87591
-844.08093
98.54224
102.23551
-1262.9128
68.37631
-164.95872
3.690472
3.062068E-5
-513.97
-83.534744
13.523781
-509.05344
220.31496
-115.12765
164.95872
-3.6904988
-3.062068E-5
509.35193
-89.01886
60.92933
531.01685
237.37515
17.368095
15.79515
238.90057
16.644236
-4.9974413
-223.3789
26.493109
-98.559715
-411.37506
24.61028
-117.75955
-845.77966
36.81888
-77.0782
-1258.9735
-26.55207
78.01753
-410.7528
72.31381
97.353065
-844.511
98.86454
98.81965
-1263.0571
63.980335
-164.9693
3.1829412
5.1034463E-6
-514.08887
-84.068405
10.134779
-509.2864
220.89815
-115.850655
164.9693
-3.1829412
-5.1034463E-6
509.21594
-87.47783
63.155487
528.1646
238.921
18.381172
16.969023
238.72401
17.969322
-4.3110294
-223.43735
26.118248
-98.28828
-411.20355
22.634077
-115.803116
-845.3064
44.379974
-79.245895
-1258.5449
-21.175453
80.20403
-409.94562
72.7217
98.08642
-843.72095
100.001114
101.03295
-1262.2906
65.49395
-164.97617
2.8051105
-3.402298E-6
-513.9977
-84.99157
8.699882
-509.08508
214.79745
-129.14934
164.97617
-2.8050835
1.7011491E-6
509.48547
-84.14842
65.548386
530.88434
242.1205
20.93118
17.574512
238.63997
18.49601
-3.800207
-223.50221
25.638199
-99.00411
-410.61588
20.668558
-113.70248
-844.6978
44.789124
-81.21199
-1258.4827
-19.448807
82.75528
-408.9613
72.6815
100.861115
-842.66266
100.97148
104.07671
-1261.0085
63.87285
-164.98308
2.3624754
6.804595E-6
-513.8181
-86.033066
10.017629
-507.5257
218.08888
-117.92869
164.98308
-2.3624482
-6.804595E-6
509.8039
-81.6213
66.45783
529.4843
243.7352
14.923084
17.677748
238.71486
17.39881
-3.2013583
-223.56723
25.148382
-98.147484
-410.80606
19.966946
-111.18232
-844.7234
47.730606
-74.95788
-1256.3538
-27.424232
84.15439
-408.8035
71.58647
98.89091
-843.02954
92.93023
97.51513
-1259.004
34.936108
-164.9861
2.140766
-1.0206891E-5
-513.734
-86.3025
12.35652
-506.2686
216.94266
-117.5921
164.98613
-2.1407661
8.505744E-6
510.23822
-80.04358
65.81893
533.04846
245.04019
13.855209
17.643576
238.75583
16.862978
-2.8989635
-223.42166
26.445288
-97.233955
-411.0204
23.683443
-109.87065
-845.1769
47.630394
-76.8409
-1256.8492
-28.75608
84.34438
-408.74768
72.736305
99.16104
-842.897
95.53643
92.05822
-1256.5991
23.424858
-164.98834
1.9617952
1.0206894E-5
-513.76105
-87.100006
5.058662
-504.1999
215.49121
-126.26974
164.98834
-1.9617678
-1.0206894E-5
509.01434
-79.529785
72.31403
531.181
246.97214
29.827095
17.99868
238.71024
17.13079
-2.6495457
-222.83208
31.04588
-96.28782
-410.7906
29.18354
-108.9381
-845.0941
50.287613
-79.77661
-1256.8927
-26.987778
83.63395
-406.86566
83.83601
101.6708
-841.2798
97.40093
86.847404
-1256.4022
35.323044
-164.99022
1.7959718
-2.8919529E-5
-513.2934
-88.36234
12.50512
-508.02322
214.76709
-117.820564
164.99022
-1.7959443
2.7218384E-5
510.1588
-79.336426
66.679436
532.7672
246.68054
20.834023
17.312548
238.87155
15.513212
-2.4273524
-222.99811
29.84887
-96.81632
-410.58914
30.422192
-111.39883
-844.9298
49.41111
-81.093834
-1255.571
-33.386215
85.40904
-407.46082
78.41092
101.96245
-841.52466
101.63904
88.48785
-1257.4777
45.056995
-164.99107
1.7162012
3.2321823E-5
-513.2246
-88.15157
16.037136
-506.00095
211.87866
-121.18419
164.99107
-1.7162014
-3.5724126E-5
510.3761
-78.16172
66.82263
532.03265
247.55872
18.47828
17.448454
238.97469
13.662093
-2.3196878
-223.01254
29.749266
-95.744484
-411.0764
31.69645
-110.631035
-845.3425
52.098434
-80.67781
-1254.4808
-37.94979
84.88298
-408.11804
76.98972
100.773155
-842.2322
99.73625
90.103355
-1258.6913
46.370296
-164.98396
2.3003669
-3.2321834E-5
-513.5064
-85.58493
20.206633
-508.4268
220.30756
-103.50268
164.98396
-2.3003118
3.5724126E-5
510.5017
-78.36622
66.569
533.75323
247.41687
19.401669
17.265343
239.08629
11.817199
-3.105407
-222.72914
31.734596
-94.817085
-411.58392
36.513325
-110.52352
-845.9824
53.13429
-81.011154
-1254.9045
-38.034313
81.030815
-409.03085
79.8259
100.26037
-843.24536
97.51709
92.206474
-1260.2146
47.80056
-164.98216
2.4250655
-1.8712635E-5
-513.40784
-85.20202
22.826046
-509.169
217.98538
-107.40233
164.98216
-2.4250655
2.0413781E-5
511.33838
-78.94474
61.49871
535.08844
247.36075
18.363392
17.08825
239.06352
12.51513
-3.272326
-222.6235
32.450855
-94.80468
-411.48096
39.845867
-111.328896
-845.9827
52.50061
-79.18851
-1254.5037
-39.5737
80.55463
-409.3777
79.311615
98.63368
-843.5636
98.823715
91.810135
-1260.6218
49.672665
-164.973
2.9846091
-1.7011488E-6
-513.8426
-82.438095
24.351057
-508.46185
221.54799
-103.95912
164.973
-2.984582
-1.7011491E-6
510.81274
-80.12692
63.591785
534.66437
246.36743
21.968113
17.435751
239.08339
11.624207
-4.031313
-222.83092
30.905113
-96.64435
-411.24475
35.70691
-111.40569
-845.68884
51.99941
-78.90529
-1255.353
-34.71288
79.5791
-409.71722
77.62571
100.43662
-843.81177
96.385414
81.62414
-1261.7646
59.486614
-164.97876
2.6466699
-8.5057445E-6
-513.1704
-84.40041
28.024242
-512.71844
220.3081
-98.67424
164.97876
-2.6466422
8.5057445E-6
511.5002
-79.92001
59.59618
532.71857
245.96155
12.151478
17.30261
239.11018
11.267031
-3.5747347
-222.83092
30.961267
-96.11242
-411.21777
37.828785
-111.07856
-845.62915
54.79267
-80.22116
-1258.8542
-13.712112
80.92337
-409.77673
75.80905
99.32478
-843.82196
97.97046
86.519745
-1261.6818
57.60721
-164.98087
2.5129414
3.912642E-5
-513.0364
-86.16139
24.376793
-508.29266
219.49721
-99.922485
164.98087
-2.5129416
-4.252872E-5
511.32422
-79.53719
60.9388
532.59186
246.79922
16.754711
18.103767
239.03525
11.593108
-3.3965485
-222.99303
29.79231
-96.35961
-411.2354
34.5546
-109.642235
-845.44116
57.224533
-85.05848
-1260.3041
-3.474804
81.800026
-409.61975
74.647896
99.530304
-843.6913
96.84116
89.75791
-1261.5629
55.75822
-164.98776
2.0094311
-3.4022974E-6
-513.326
-85.82943
23.341045
-510.0119
220.66498
-98.92995
164.98776
-2.0094314
1.7011488E-6
510.99164
-79.04165
62.827988
532.4108
246.70804
14.574993
19.357111
238.96033
11.102521
-2.7172673
-223.10692
28.998526
-95.31998
-411.55557
32.439728
-107.61583
-845.6228
58.118935
-79.07804
-1260.7513
1.0760612
83.25587
-409.39438
73.782455
100.36852
-843.4935
95.92032
91.45128
-1261.9701
61.31069
-164.99643
1.0843908
1.7011485E-5
-513.2855
-87.29556
21.99257
-511.09512
221.3883
-94.66704
164.99644
-1.0843637
-1.8712637E-5
510.6225
-79.02918
63.77502
531.5143
245.96616
10.468533
20.47217
238.91287
10.076413
-1.4675567
-223.30219
27.549522
-95.36059
-411.13873
28.786142
-105.9656
-845.10925
56.75165
-78.8591
-1260.3811
0.054523468
87.89792
-408.11578
71.79588
101.63887
-842.1647
97.04958
93.01482
-1260.3455
58.96415
-164.99919
0.5211196
-1.531034E-5
-512.8729
-90.19096
18.846441
-509.13147
216.49846
-102.922134
164.99919
-0.5211469
1.531034E-5
509.84564
-80.46685
65.49527
532.05133
245.09991
16.37114
20.951206
238.9131
9.032269
-0.7051257
-223.2574
27.93988
-93.74224
-411.52332
28.103853
-106.116745
-845.48364
55.495613
-70.74214
-1259.1539
-7.951378
88.92081
-407.54236
73.833786
104.6359
-841.6626
96.585526
95.03759
-1259.722
57.416706
-164.99898
0.5783231
5.103446E-6
-512.5854
-91.546104
17.227161
-507.64108
214.50842
-106.086136
164.99898
-0.5783231
-5.103446E-6
509.97705
-80.319725
65.04941
531.1828
246.26138
22.680737
20.366133
238.96498
8.997534
-0.782352
-223.21434
28.279743
-94.1702
-411.30652
28.494915
-106.94754
-845.384
53.763474
-74.41776
-1258.7905
-12.846222
89.01377
-407.30096
74.63461
105.255005
-841.43884
96.66916
95.85903
-1259.4447
56.88453
-164.9981
0.7943982
3.4022974E-5
-511.28528
-95.5468
20.088503
-509.19434
210.28896
-103.84748
164.99808
-0.79442555
-3.5724126E-5
510.4645
-79.79318
63.34155
530.1177
245.9902
14.567249
19.567904
239.03734
8.846001
-1.0743792
-223.14479
28.81399
-94.23546
-411.34293
30.386616
-104.06083
-845.9263
46.689667
-74.84909
-1259.9276
-17.72725
88.054214
-407.64407
74.815216
106.32359
-841.76306
95.59717
94.37881
-1259.9348
58.317684
-164.99785
0.8419666
-4.252872E-5
-511.19788
-96.07649
18.770775
-508.72205
210.12132
-104.2609
164.99785
-0.8419665
4.5931014E-5
508.71173
-83.03549
68.592964
531.21185
243.05905
23.248707
19.593891
239.06346
8.046483
-1.1394179
-223.29782
27.600393
-94.507416
-411.3992
27.060013
-104.49153
-845.8606
46.258614
-74.905785
-1257.2114
-33.209282
88.0825
-407.74945
73.61165
106.624725
-841.81757
95.20019
80.09935
-1259.129
55.860813
-164.98811
1.9821899
-3.4022976E-6
-511.3496
-94.86155
15.967983
-508.63962
210.64725
-108.75983
164.98811
-1.9821899
3.4022976E-6
508.67548
-83.63711
69.36475
532.2899
242.17612
22.587563
18.719442
239.09175
9.203607
-2.6839335
-223.39728
26.67309
-98.22081
-410.39282
24.356684
-103.6121
-844.74225
47.519077
-73.68493
-1255.4481
-35.09493
86.11916
-408.03162
72.76185
103.60117
-842.1271
94.68174
82.732124
-1259.9641
57.577545
-164.98422
2.281439
-1.360919E-5
-511.5455
-94.57117
10.717378
-507.47632
212.8736
-109.12065
164.98422
-2.2814393
1.0206895E-5
508.21933
-83.65568
71.8881
533.8156
241.96082
24.784637
18.170866
239.087
10.355093
-3.091816
-223.5892
24.966038
-99.03485
-410.30804
19.397774
-100.815704
-844.28455
49.167274
-71.52228
-1254.4702
-36.212257
85.44037
-408.2767
71.36191
101.47216
-842.379
94.23457
79.709625
-1260.1776
57.21039
-164.97745
2.7273474
-1.7011488E-6
-511.0026
-96.20535
8.883771
-512.09485
209.50543
-115.37293
164.97745
-2.7273197
1.7011488E-6
507.803
-84.97984
72.83656
534.8042
241.34901
31.843609
17.616852
239.08984
11.211377
-3.6956599
-223.55418
25.196571
-100.43178
-409.851
19.22929
-104.00905
-844.2431
41.938354
-72.01127
-1259.2572
-14.09256
84.55921
-408.1964
72.29569
99.39222
-842.3633
94.74887
80.35818
-1259.9623
54.143543
-164.9856
2.1804855
0.0
-510.40683
-98.58799
11.397007
-508.82117
207.4609
-112.01918
164.9856
-2.1804855
0.0
507.72983
-85.20928
72.336815
535.24365
240.41055
26.35072
17.772623
239.07198
11.345645
-2.9527924
-223.4235
26.423946
-98.73216
-410.2662
22.40986
-106.59871
-845.14734
28.849417
-72.88283
-1260.05
-26.997793
85.541534
-407.90863
73.68907
99.125946
-842.1018
96.42184
80.71172
-1259.5436
53.956833
-164.97896
2.6353908
-5.1034463E-6
-510.26276
-98.50317
12.2514105
-509.88513
209.84088
-105.32327
164.97896
-2.6353908
5.1034463E-6
507.53076
-86.46
72.330536
533.8445
239.71954
29.733837
17.760519
239.0652
11.505924
-3.570702
-223.5313
25.41667
-100.02766
-409.97897
19.643684
-104.44787
-844.56384
38.12259
-73.06412
-1257.7151
-30.588005
84.592445
-408.16992
72.70137
94.24715
-842.2639
99.04941
83.36883
-1259.2892
50.350426
-164.978
2.6945312
-1.02068925E-5
-510.1764
-97.93648
17.64826
-515.8383
208.43776
-104.837524
164.978
-2.6945858
1.02068925E-5
508.09756
-86.280846
69.87354
531.9296
240.05814
27.03788
16.899149
239.18509
10.242452
-3.6511302
-223.547
25.266867
-100.27087
-409.948
20.874495
-105.5125
-844.5887
37.75657
-90.48339
-1256.5421
-42.670403
84.67506
-408.49207
71.02506
95.045815
-842.4862
98.711914
83.540535
-1259.6222
51.11829
-164.97914
2.6235704
2.8919529E-5
-510.02393
-96.72927
25.944197
-515.9342
209.60117
-96.63942
164.97914
-2.6235979
-2.5517234E-5
509.2566
-86.62372
63.379925
531.73486
239.15918
15.838264
16.777128
239.19446
10.224999
-3.5620074
-223.98964
20.998886
-100.56165
-410.18817
16.398588
-105.42594
-844.656
37.3521
-89.54432
-1256.2965
-44.50063
85.897224
-409.91373
60.10485
91.62574
-842.87463
101.78316
82.003555
-1259.837
52.288
-164.97595
2.8164132
-2.211494E-5
-510.03415
-96.73947
24.969496
-512.87354
207.72104
-102.29294
164.97597
-2.8164132
2.381609E-5
509.05597
-86.03894
65.4442
530.52924
239.78177
17.697388
15.9360895
239.27753
9.607572
-3.8240526
-224.00087
20.83242
-100.05877
-410.56558
15.132591
-106.347946
-844.8997
38.355244
-90.117744
-1259.8066
-24.801472
84.37742
-410.34216
60.80008
94.57244
-843.6008
98.32366
85.13649
-1261.2134
54.6112
-164.98027
2.5519452
1.531034E-5
-510.27142
-96.3286
24.426743
-515.1483
210.18349
-97.74753
164.98027
-2.5519457
-1.871264E-5
509.2094
-84.947
65.706604
529.8594
241.22284
20.02489
16.12241
239.29143
8.926798
-3.4645638
-223.98085
21.108664
-98.950455
-410.93152
15.461271
-107.04323
-845.2267
38.855095
-92.991394
-1261.5549
-14.748508
84.550476
-410.31696
61.509415
97.4195
-843.70074
96.693146
86.24614
-1261.2972
53.237984
-164.9843
2.2767932
1.190804E-5
-513.3404
-87.61038
12.973383
-511.01862
218.25427
-110.887184
164.9843
-2.276821
-1.531034E-5
509.15027
-82.52585
68.628586
528.1255
244.15182
25.947937
16.050293
239.30328
8.736222
-3.090631
-223.9566
21.421677
-98.13536
-411.11115
15.123199
-106.61013
-845.38043
38.85854
-80.80234
-1259.3422
-27.244694
85.01879
-410.00003
62.949696
98.14904
-843.5804
95.51785
90.964615
-1262.4531
65.61836
-164.98819
1.9738562
1.3609189E-5
-512.3342
-91.23775
16.197279
-512.66876
214.64372
-107.64296
164.98819
-1.973829
-1.7011489E-5
509.1866
-81.04516
69.82251
525.5909
244.89212
20.87566
16.15498
239.29048
8.892807
-2.6789024
-223.92245
21.830185
-97.249
-411.313
15.4057455
-107.09477
-845.4878
40.311974
-86.736305
-1260.2164
-22.820183
85.575424
-409.7205
64.14166
98.98997
-843.36597
95.711334
91.493225
-1262.3585
67.62125
-164.95808
3.7188742
2.381608E-5
-511.36035
-90.428604
27.234575
-517.8844
212.18254
-104.233765
164.95808
-3.718874
-2.2114931E-5
511.81732
-92.468445
37.579132
530.8066
233.65866
-9.117016
13.348969
238.98553
17.541681
-5.0365105
-223.4054
26.261333
-100.61139
-410.37463
29.081482
-112.289246
-844.3646
56.30877
-71.74246
-1257.1965
-9.461716
80.36185
-410.8622
67.09111
92.640305
-844.5691
98.2765
85.68362
-1263.4364
68.24733
-164.96729
3.2858267
-3.9126422E-5
-511.35016
-92.081795
22.889362
-512.7172
212.3388
-104.492905
164.96729
-3.2858267
3.9126422E-5
511.17853
-87.08596
52.10862
529.1111
239.90967
11.460609
14.707563
239.06735
15.181955
-4.453394
-223.58543
24.793682
-99.36591
-410.9086
23.513145
-112.91583
-844.4749
56.09646
-74.40407
-1252.2885
-36.666405
81.13167
-410.62134
67.13489
94.25177
-844.36896
97.3979
93.56259
-1260.4392
40.08218
-164.96405
3.4432747
3.2321826E-5
-511.23166
-92.44575
22.451012
-516.44727
210.00977
-109.433235
164.96405
-3.443247
-3.2321826E-5
511.8138
-84.14543
52.748524
525.7636
242.89037
10.879574
14.588818
239.11197
14.582063
-4.6657557
-223.53313
25.222486
-100.05851
-410.61316
24.086897
-114.17639
-844.4064
53.226334
-69.165436
-1252.0544
-37.311478
80.996605
-410.41455
68.08622
93.90013
-844.2206
97.595604
89.8063
-1260.9076
45.105816
-164.95375
3.9059026
-3.4022976E-6
-511.68793
-90.042046
23.43512
-518.808
214.18524
-104.21694
164.95375
-3.9058752
3.4022976E-6
511.49622
-84.71977
54.565838
528.6527
242.16649
12.720623
14.267354
239.22493
12.95654
-5.293438
-223.55408
24.91095
-101.8842
-410.01596
23.430904
-105.25878
-844.6383
41.237
-75.0488
-1257.1353
-31.79461
80.54187
-410.41254
67.52801
93.46736
-844.22253
96.96949
88.96422
-1261.0214
45.409424
-164.95538
3.8365848
1.5310336E-5
-511.37872
-91.5014
22.394798
-521.37573
214.57745
-100.551476
164.95538
-3.8365576
-1.8712637E-5
511.24142
-85.80545
54.47086
525.19745
240.4097
6.628376
14.634723
239.24023
12.244509
-5.1974893
-223.46991
25.674652
-101.67937
-409.99268
24.964119
-109.929985
-844.381
46.49819
-75.33258
-1255.8967
-30.037758
80.63979
-410.21124
68.79811
93.6736
-844.0574
97.65366
89.1567
-1259.8955
38.84728
-164.959
3.6782708
2.2114931E-5
-510.73602
-94.28622
21.004732
-514.82965
211.10645
-103.969475
164.959
-3.6782715
-2.5517233E-5
511.19604
-84.21869
56.860687
527.4968
242.32556
12.104206
14.908085
239.2579
11.550126
-4.983831
-223.51035
25.36309
-101.57522
-409.97107
23.779133
-111.07201
-843.9866
51.444233
-81.80535
-1255.8876
-25.24371
81.29792
-409.9798
68.7751
93.84909
-843.84924
97.49377
87.94418
-1259.773
39.419533
-164.95761
3.7403307
1.1908041E-5
-510.68683
-94.83028
18.845434
-514.577
210.09053
-107.28222
164.95761
-3.740358
-1.1908041E-5
511.2916
-84.48037
55.980663
523.9772
242.6795
14.683266
15.192567
239.2355
11.642743
-5.0677085
-223.49893
25.447086
-101.3796
-410.09918
23.356453
-109.70507
-844.07513
52.001682
-93.40811
-1254.6179
-35.11318
80.73872
-410.0364
69.50412
94.405716
-843.83057
98.844765
92.742134
-1261.8574
58.214825
-164.9478
4.1501474
8.505743E-6
-510.622
-94.761116
18.051762
-510.13293
210.4725
-107.37634
164.9478
-4.150174
-8.505743E-6
510.82715
-89.91383
51.108513
529.2327
236.40395
5.524143
15.142606
239.08519
14.4557905
-5.621079
-223.40901
26.111555
-101.96953
-409.99963
25.151226
-108.62993
-844.4822
45.290222
-85.678024
-1256.8698
-30.93126
79.28553
-410.3454
70.2212
94.064445
-844.03076
100.6116
89.29296
-1261.1249
51.522743
-164.95497
3.8547773
2.7218379E-5
-511.4801
-92.55099
15.041737
-512.0852
215.11795
-104.28749
164.95497
-3.854832
-2.8919529E-5
510.0949
-90.35472
54.737305
530.2753
235.5084
6.71682
16.040901
239.0397
14.237747
-5.222702
-223.48935
25.499693
-101.015045
-410.3587
23.584862
-109.32204
-844.60266
47.83703
-82.028175
-1256.5372
-29.396149
79.80537
-410.38577
69.544586
95.28947
-843.94763
101.31428
87.877144
-1260.3461
46.932056
-164.95029
4.0498934
-8.5057445E-6
-511.50424
-92.246475
15.078566
-508.1954
213.33562
-109.455154
164.95029
-4.0498934
8.5057445E-6
509.66635
-91.80391
55.408356
530.7196
234.56538
11.364674
16.81765
239.00845
13.8608
-5.487662
-223.50998
25.262218
-101.46799
-410.2818
23.246939
-110.18162
-844.64624
45.078888
-82.447266
-1257.6698
-25.930473
79.31172
-410.57672
69.02396
94.59982
-844.12085
101.12927
86.290726
-1260.1638
44.215157
0.0
0.0
0.0
0.8000001
0.8000001
0.8000001
0.9199997
0.9199997
0.9199997
0.8309709
0.8309709
0.8309709
1.2599999
1.2599999
1.2599999
0.0
0.0
0.0
1.1299999
1.1299999
1.1299999
0.98999995
0.98999995
0.98999995
0.0
0.0
0.0
0.0
0.0
0.0
0.0
0.0
0.0
0.0
0.0
0.0
0.0
0.0
0.0
0.0
0.0
0.0
0.6501114
0.6501114
0.6501114
14
52
true
freez
