-159.41449
-4.881908
42.287006
-479.7539
-118.59341
160.82959
-802.10785
-113.31787
231.2575
159.41447
4.8818817
-42.287
501.99542
-64.498955
-128.45308
715.80835
-37.964737
-378.41302
28.237257
237.97458
-13.067656
3.4987307
-224.61171
-12.741274
-83.028595
-415.511
0.31525135
-88.08957
-842.08307
-84.74742
-27.231865
-1245.292
15.845543
95.887924
-410.03186
-47.144814
97.443954
-844.1836
-74.25254
104.84766
-1254.0573
17.119125
-159.70631
-4.6411533
41.198975
-468.4903
-124.86599
181.90588
-791.14954
-117.002525
250.67484
159.70631
4.6411786
-41.19897
493.4967
-44.467823
-166.78667
703.99915
-30.585415
-420.55035
25.341124
238.33636
-12.393189
2.9996397
-224.56433
-13.669801
-82.9209
-415.84778
-2.3423147
-87.66132
-845.12103
-72.53487
-26.105247
-1253.5327
3.6938477
93.961685
-410.70743
-47.97219
96.7935
-844.8168
-75.6501
103.50911
-1258.7664
-4.9345016
-159.60214
-4.212991
41.646187
-473.1498
-118.57385
176.5886
-793.5355
-129.31728
254.9313
159.60214
4.2130165
-41.646187
499.8175
-60.31695
-140.08086
759.3454
-49.168343
-343.6023
24.606981
238.55968
-9.152602
2.5605829
-224.61475
-12.909567
-82.56994
-416.21655
-1.0124817
-88.656624
-846.90607
-61.794834
-27.519123
-1255.2572
15.092007
92.00705
-411.60825
-46.56614
96.97069
-845.75745
-73.30288
96.397484
-1261.7712
-15.577911
-158.80188
-3.1980758
44.684803
-469.20883
-116.69723
187.39238
-783.128
-130.04797
288.2711
158.80188
3.198076
-44.684807
499.92307
-58.51217
-141.78369
675.0248
-29.84813
-420.02417
22.761179
238.80281
-7.4260416
1.6194937
-224.75688
-10.330491
-84.70821
-415.52356
5.6571064
-87.702156
-844.38293
-67.11416
-37.38417
-1248.866
34.185066
90.67089
-411.99164
-43.69215
97.1688
-846.04443
-71.63767
96.51107
-1263.181
-22.682297
-158.61607
-1.7691168
45.41821
-467.01428
-113.573235
193.70973
-769.00134
-126.37751
326.14792
158.61607
1.769117
-45.418217
496.5067
-59.703167
-153.35826
654.94507
-30.742035
-441.38348
20.714954
238.79659
-12.127872
-1.0224779
-224.66003
-12.321917
-89.49719
-414.54248
2.4049854
-89.02169
-841.9772
-78.36851
-46.217045
-1244.8455
32.3787
85.73273
-412.588
-47.77056
95.862015
-846.68445
-73.89847
89.66852
-1264.996
-36.789192
-156.3197
1.330141
52.79563
-447.62997
-113.5166
230.41476
-752.8167
-121.54234
355.701
156.3197
-1.330115
-52.795635
496.2814
-62.558628
-154.17172
618.8435
-30.241535
-458.8587
15.323841
239.32613
-9.391059
-5.917841
-224.6091
-11.863118
-96.56844
-413.08658
7.076354
-100.97213
-842.5796
-61.781464
-50.227287
-1250.8119
22.902397
74.76262
-414.54443
-50.789116
91.71983
-848.7616
-70.6115
81.51597
-1267.345
-37.68974
-156.25891
-0.044061508
52.991997
-431.3603
-122.5133
250.27487
-724.99695
-136.1263
400.2488
156.25891
0.044035632
-52.991993
487.85828
-24.796608
-190.9224
626.7408
-21.583185
-490.2572
18.144804
239.2222
-6.595743
-3.048999
-224.79207
-9.177534
-92.47589
-413.55014
12.576195
-117.01689
-845.7489
-30.166637
-43.20125
-1258.5046
-54.330933
81.25807
-413.50116
-46.342026
95.05077
-847.66223
-69.556404
81.66813
-1266.7561
-45.44845
-155.4267
0.94456446
55.377346
-425.0634
-121.9701
259.79855
-707.1747
-128.92072
430.86847
155.4267
-0.9445645
-55.377354
486.55597
-28.305883
-193.9585
600.2509
-18.642227
-503.60355
14.069437
239.33409
-11.011293
-5.0823054
-224.70058
-10.431747
-94.882675
-413.28836
11.260248
-125.82054
-846.25665
-17.135393
-21.741142
-1252.6182
3.7889767
76.16354
-414.32782
-49.682415
88.90895
-848.484
-73.57761
55.381874
-1267.0194
-63.37618
-155.4267
0.94456446
55.377346
-425.0634
-121.9701
259.79855
-707.1747
-128.92072
430.86847
155.4267
-0.9445645
-55.377354
486.55597
-28.305883
-193.9585
600.2509
-18.642227
-503.60355
14.069437
239.33409
-11.011293
-5.0823054
-224.70058
-10.431747
-94.882675
-413.28836
11.260248
-125.82054
-846.25665
-17.135393
-21.741142
-1252.6182
3.7889767
76.16354
-414.32782
-49.682415
88.90895
-848.484
-73.57761
55.381874
-1267.0194
-63.37618
-154.40471
2.4550757
58.121964
-416.75323
-116.82075
273.8684
-690.8001
-131.63434
457.11383
154.40471
-2.4550753
-58.12196
467.65002
-47.35635
-229.76482
595.9724
-19.781458
-532.5403
6.175863
239.42719
-15.378072
-7.718536
-224.59749
-11.017808
-97.37384
-413.2217
10.9556055
-133.91476
-846.11615
-11.229413
-31.423721
-1252.9807
7.659421
68.88139
-415.8652
-51.627125
82.76701
-849.7149
-80.0282
63.60079
-1268.9406
-63.219566
-151.16719
1.4598128
66.1162
-391.83038
-102.81774
312.70782
-643.95483
-133.40138
523.4159
151.16716
-1.4598408
-66.11621
429.8246
-59.085777
-286.63672
553.24554
-21.96339
-590.4281
-3.47248
239.34775
-17.33771
-7.685208
-224.51463
-12.614163
-93.455635
-414.7013
11.312104
-124.90335
-847.8414
-13.702292
-20.831581
-1249.9893
48.315384
65.01252
-416.23163
-57.997368
56.791557
-846.22485
-123.290855
92.89836
-1263.6365
-93.90082
-151.1486
-0.66969067
66.17139
-394.01306
-90.573235
316.23975
-595.058
-125.31387
575.61206
151.1486
0.66969067
-66.17139
419.73773
-57.491558
-298.71634
518.56683
-33.730766
-612.6721
-7.774881
239.00488
-20.401329
-7.742207
-223.97989
-19.951563
-92.408195
-415.3888
-2.7963371
-100.43314
-849.9736
-20.020447
-17.893417
-1255.7303
50.32643
63.715
-414.69705
-71.14561
46.960075
-843.24475
-143.88548
82.45476
-1260.531
-112.06873
-145.88301
-2.3420153
77.05622
-360.7409
-73.41141
357.02982
-582.51276
-123.07468
596.3013
145.88303
2.3420153
-77.05622
417.70773
-55.81281
-305.81223
499.41934
-18.114922
-623.30566
-13.059117
238.61745
-22.162338
-7.2864017
-223.93642
-20.60084
-86.67335
-417.2198
0.35718727
-95.38298
-852.09814
-5.115501
-25.720451
-1261.463
57.872585
59.5989
-414.87158
-76.90473
36.18389
-842.443
-153.45148
84.727875
-1257.4832
-111.19977
-136.25734
-5.271401
92.903984
-324.86755
-75.55526
391.3774
-527.1094
-126.8729
647.0427
136.25734
5.271431
-92.903984
397.35022
-73.85832
-327.78482
456.7696
-29.161163
-649.2992
-13.867459
238.88116
-18.533298
-8.260124
-223.47704
-24.794952
-82.673546
-418.30826
-0.23007774
-97.909615
-853.0165
4.416194
-0.66265106
-1251.8251
93.26846
51.943134
-413.10028
-92.01535
29.136885
-843.74316
-149.03798
70.80664
-1260.5509
-118.46169
-131.62859
-2.6018698
99.45929
-317.9419
-34.166073
405.87576
-490.5871
-107.371826
677.4168
131.62857
2.6019006
-99.45929
377.0698
-62.503193
-354.6454
425.5868
-16.138943
-677.74976
-11.777838
239.24956
-14.863864
-10.485199
-223.88757
-19.733433
-85.548096
-417.21814
13.264381
-97.50589
-851.375
37.551735
12.745003
-1249.6777
112.38283
46.591747
-414.6062
-86.581314
15.394611
-841.9857
-161.40445
62.251324
-1257.9648
-127.26033
-124.3091
-1.6182374
108.48791
-325.80157
-40.81631
404.2315
-527.9477
-110.59146
655.5647
124.309105
1.618207
-108.487915
365.23425
-45.699497
-371.76743
458.79694
-37.858765
-688.12885
-13.066055
239.06287
-16.680193
-12.224429
-223.99687
-17.348412
-85.277466
-416.82874
22.389893
-90.28717
-851.1468
46.21706
17.738396
-1250.0084
121.31625
39.87025
-415.19955
-86.829926
-2.2106323
-841.02704
-165.09315
54.25533
-1256.1154
-134.87196
-114.62191
-1.0627047
118.683136
-297.5766
-76.887535
419.31277
-454.63092
-145.87589
701.2251
114.62192
1.0627047
-118.683136
381.11136
-47.50874
-355.79956
375.65857
-11.034496
-683.7323
-13.330061
239.30374
-12.491004
-7.7627177
-224.6649
-9.508842
-71.41956
-418.2196
41.327953
-77.20292
-852.5006
65.65054
22.013878
-1254.2733
137.30736
42.555054
-417.16287
-76.685135
-8.343842
-840.9548
-160.55852
41.35914
-1257.9263
-152.53265
-105.20408
-0.062476378
127.11057
-287.36288
-89.13515
424.57355
-383.636
-166.6702
730.5471
105.20408
0.062476378
-127.11057
303.71667
-15.357265
-427.03555
305.3562
6.4285393
-756.3115
-25.992096
237.83199
-18.98313
-12.842036
-224.37637
-10.739125
-76.03259
-417.28772
43.039703
-77.54071
-851.39166
70.90513
20.756783
-1252.6467
146.61488
28.269745
-417.22577
-82.98128
-34.159424
-838.6487
-170.90376
17.208065
-1255.2291
-185.80746
-103.150444
-2.4848726
128.75874
-251.51105
-110.519264
438.4646
-333.8961
-146.97318
755.92926
103.15045
2.484872
-128.75873
308.43866
-17.272184
-423.8289
285.5203
-37.556686
-752.40656
-24.202822
237.95656
-19.771173
-8.443909
-224.56743
-11.098374
-65.889755
-419.46826
41.94538
-72.3005
-853.20184
74.489365
24.628784
-1254.0293
154.1265
34.435978
-417.05145
-83.287125
-37.88924
-836.8531
-171.38156
15.059731
-1253.0164
-191.49654
-98.173096
-3.9534922
132.5572
-237.43346
-121.80122
442.90936
-336.8582
-161.76372
755.02747
98.173096
3.9534922
-132.5572
305.01263
-17.481949
-426.42438
244.84898
11.978859
-749.55347
-24.103083
237.81947
-21.46958
-9.568456
-224.3738
-13.778387
-65.07045
-420.15134
38.09346
-67.57448
-853.5953
74.76889
26.970848
-1254.2599
158.00986
29.397842
-416.34705
-89.4613
-36.167458
-838.4105
-171.85443
16.458977
-1254.5732
-192.80965
-79.450005
-5.9639525
144.4892
-218.02771
-138.28664
449.26276
-326.63364
-181.25003
757.9032
79.45002
5.9639525
-144.4892
272.5824
-13.933012
-447.6459
173.455
-28.675621
-762.0603
-26.031713
236.98166
-27.605053
-6.440463
-224.54271
-12.809755
-49.256325
-422.1911
43.775757
-54.209522
-855.1785
85.27708
46.231236
-1251.1318
182.91208
25.19756
-416.6021
-91.62738
-35.50963
-840.1311
-170.13092
23.667313
-1255.7019
-184.23535
-73.27631
-6.1290135
147.70923
-241.72928
-209.37895
392.48065
-380.1235
-289.9312
681.0259
73.27631
6.1290135
-147.70923
130.42984
10.599462
-503.11533
75.872635
-19.480103
-827.1813
-10.80036
239.57541
-9.325858
-7.2123175
-224.51443
-12.893922
-50.427586
-419.92578
50.720882
-21.038404
-853.93176
50.512386
59.685608
-1265.0862
79.42139
23.647171
-413.72998
-98.597946
-41.87802
-833.2854
-192.96254
-14.704275
-1251.5518
-219.698
-78.71951
19.077518
143.7508
-251.68977
-230.26575
337.4238
-409.61804
-346.52423
602.8341
78.71951
-19.077518
-143.7508
12.8452835
-38.06987
-497.16254
26.957447
-4.522053
-825.1494
-8.0582485
236.35527
-40.880955
-0.5140121
-223.08034
29.32402
-44.45724
-400.0838
133.43344
6.1584854
-831.9077
119.60664
80.44054
-1245.2859
120.39263
42.56493
-421.1734
-25.47876
-37.524387
-841.5863
-103.34823
-8.961891
-1257.2535
-156.3094
-74.35694
32.58699
143.64586
-236.83688
-249.90746
296.60718
-405.8786
-398.7945
537.7659
74.35693
-32.586994
-143.64587
-34.55815
-1.1756878
-485.33408
-35.22311
20.648733
-814.61096
0.89265364
233.66937
-54.752415
-5.3600025
-219.94508
47.121487
-51.199944
-386.48822
166.54546
-140.83553
-802.6997
77.33543
-116.02899
-1216.8583
12.087616
31.479696
-422.72266
6.821537
-58.1559
-838.9342
-82.38858
-33.34936
-1253.0928
-147.63629
-37.448124
46.68816
153.76233
-179.49721
-262.2095
272.102
-353.03534
-440.09924
489.2189
37.448124
-46.68814
-153.76233
-65.1622
29.425873
-490.33
-91.63527
47.315994
-818.77954
-16.742529
228.36258
-71.904236
11.308317
-214.24156
67.80613
1.04564
-371.2616
206.87222
-76.33364
-787.85034
108.428154
-47.087112
-1202.1553
46.01009
40.760494
-420.77582
43.8027
-36.61878
-837.3646
-54.641415
-7.3722515
-1251.6697
-117.05938
-20.79191
53.217712
154.79204
-142.37001
-271.6297
251.19186
-315.40497
-474.77844
445.32965
20.79191
-53.217686
-154.79204
-105.69874
49.834698
-475.6975
-149.13231
63.46042
-802.54285
-33.630005
230.58551
57.439877
29.860165
-209.63039
76.082054
44.249493
-359.5929
222.38379
-34.338528
-774.61426
118.43104
-8.90707
-1189.4861
58.14372
66.193054
-415.75833
59.017746
-12.394951
-830.77966
-44.935066
13.036507
-1245.6515
-105.22244
-7.3615646
57.014687
154.66136
-108.789825
-279.02402
234.60068
-277.6907
-503.8346
407.32214
7.3615656
-57.014694
-154.66135
-132.76245
47.90693
-469.23523
-199.03845
62.255234
-792.1929
-40.22772
236.55476
-4.8553343
35.768337
-207.86948
78.332
61.53785
-349.59924
231.13448
-25.72641
-762.6842
126.39322
0.29844475
-1177.2599
64.34732
69.84567
-413.94266
56.593025
-17.418571
-827.0277
-48.1482
8.606289
-1241.6034
-110.19414
21.228985
53.82265
154.52332
-59.789333
-291.02466
218.68216
-222.0369
-534.1931
371.7992
-21.228985
-53.822636
-154.52332
-160.20634
39.769283
-473.1545
-271.05008
50.107845
-783.80994
-37.19507
233.49936
41.16528
28.488617
-211.95639
69.91342
64.225845
-359.79504
214.71185
103.76882
-790.4402
167.74236
142.72752
-1206.2089
122.813324
40.558025
-419.8009
42.43645
-21.480213
-833.8387
-75.66936
-0.86338806
-1248.5449
-138.86478
47.74371
50.442066
149.67009
-15.420113
-300.0639
202.16656
-169.36966
-558.6476
337.56982
-47.743713
-50.442055
-149.6701
-191.39818
30.400452
-469.71365
-339.44086
44.894363
-764.28674
-38.181213
236.94319
-0.33566383
32.634933
-213.90533
61.680347
86.03885
-367.31314
194.77457
55.673073
-783.8713
73.19239
82.491425
-1196.908
1.9075851
34.369564
-421.90253
32.798553
4.0037823
-838.4607
-88.78373
30.82214
-1251.4973
-160.06845
64.46524
45.188583
145.00768
16.471638
-308.73785
190.09286
-128.20544
-580.1723
309.64154
-64.46525
-45.18859
-145.00766
-224.5664
29.26596
-458.7339
-397.80548
45.42095
-739.1394
-39.538494
235.84036
-20.396986
36.010807
-216.08673
51.32975
100.48619
-376.0548
171.13431
77.33504
-790.93774
42.444107
108.22099
-1205.2532
-19.10899
32.763874
-423.52655
18.800125
9.612717
-838.40955
-109.88997
40.498672
-1252.725
-171.44308
73.27837
41.275677
141.95631
37.66873
-314.73297
181.82867
-97.262146
-596.8194
287.28436
-73.27837
-41.27569
-141.95631
-256.4358
32.582504
-442.9519
-459.45764
44.30194
-702.8457
-39.55729
235.01088
28.374441
38.81159
-217.38179
43.17187
110.61885
-379.8985
155.11842
93.13197
-795.958
29.365906
131.32744
-1209.5388
-33.019733
32.85651
-423.69983
4.4756546
15.369625
-839.75934
-121.276825
53.56508
-1253.3402
-183.6625
79.64254
22.217966
142.78806
52.789078
-335.23648
176.03287
-72.28759
-626.1122
269.02292
-79.64255
-22.21799
-142.78804
-280.45825
-12.265309
-441.4082
-505.83594
-5.294118
-682.35693
-45.76007
232.37921
38.80619
45.14522
-220.23694
9.088659
125.721344
-395.25946
92.60274
107.93976
-821.1532
5.8654633
149.59189
-1232.7634
-66.53738
41.15872
-418.85007
-59.00637
23.37714
-844.7438
-145.74355
65.02929
-1256.354
-218.1463
84.00831
11.023793
141.58418
192.6293
-282.91647
318.78632
109.68838
-600.6531
351.4095
-84.00831
-11.023793
-141.58418
-300.6666
-48.29082
-426.66376
-544.9807
-36.36774
-648.17773
-49.496902
230.5646
44.609627
46.70337
-219.8444
-10.593995
131.57144
-399.65472
56.975677
152.19772
-833.1018
26.59233
201.82318
-1249.5713
4.445343
40.763916
-411.5708
-96.06752
61.390205
-845.01794
-126.450806
111.01564
-1261.4874
-148.59787
90.301704
6.611983
137.93797
249.37476
-271.1356
302.7168
255.178
-590.26105
386.53372
-90.301704
-6.611983
-137.93797
-315.37643
-90.39507
-406.1203
-572.2676
-83.36091
-613.1407
-54.00307
228.95226
47.58708
48.921337
-218.5573
-21.550228
140.58319
-397.92834
37.81422
166.08353
-826.3461
108.75726
188.31349
-1231.2192
-0.71250916
39.22072
-405.35016
-117.019226
64.72106
-833.768
-46.076286
86.95103
-1238.6411
-155.54602
97.84987
6.977764
132.67145
309.89392
-234.20848
295.35675
398.78088
-518.01
438.38052
-97.84987
-6.977764
-132.67145
-343.88
-90.38875
-381.8938
-619.3695
-94.17219
-563.5287
-51.939095
230.6033
41.52652
45.154778
-219.34505
-21.766878
137.77025
-399.30487
34.24066
178.61916
-821.11914
132.36835
183.36208
-1226.7471
23.540443
28.24094
-407.11554
-114.26645
69.08987
-828.9299
-16.138756
73.83278
-1234.5577
-124.96664
106.25375
6.775935
126.05247
343.42535
-181.35063
320.8807
427.44806
-405.8177
547.71704
-106.25375
-6.7758856
-126.05247
-371.88885
-85.89684
-355.78683
-657.25085
-98.71532
-521.02673
-51.58028
230.39793
43.084423
43.689518
-219.29263
-25.039345
139.37541
-399.70163
23.917885
73.78537
-775.5216
-185.08524
98.44886
-1159.7573
-352.8785
21.38817
-407.22574
-116.05472
80.00078
-824.4874
-7.9704742
81.46787
-1230.1108
-116.9083
116.834694
8.782785
116.1788
382.32794
-140.45999
308.11615
493.72845
-299.4859
574.9507
-116.834694
-8.782785
-116.1788
-397.17487
-88.86121
-327.3584
-696.3594
-107.49431
-465.34915
-50.26149
230.75613
42.72458
42.61999
-219.3582
-26.277643
143.03368
-398.91956
15.850721
31.29731
-775.15283
-171.7354
72.91051
-1167.6376
-315.3463
13.868248
-408.62933
-112.589676
93.84249
-819.56915
5.5525436
83.5255
-1221.3002
-116.53651
124.875916
6.6222115
107.64363
422.8787
-106.03233
275.28406
568.7413
-215.89407
550.1559
-124.875916
-6.6222115
-107.64363
-415.18417
-98.17595
-299.83893
-723.8285
-117.42958
-415.0257
-47.49594
228.55182
55.751293
42.287426
-218.09766
-35.63974
146.68272
-397.9333
-6.301054
-4.871811
-771.787
-169.05757
38.035347
-1166.6882
-305.48328
9.044773
-405.2323
-124.94572
118.00537
-815.1105
-28.237343
89.99568
-1220.9902
-132.53076
133.72313
8.429339
96.291595
480.0324
-81.499596
136.07442
729.8526
-102.13563
350.69977
-133.72313
-8.429339
-96.291595
-442.4571
-95.30207
-259.8045
-759.5133
-125.44439
-346.21536
-43.928535
229.81548
53.433388
39.20237
-218.72931
-35.29395
145.81125
-398.14798
-11.981037
-23.828033
-764.90515
-173.02983
-1.9823456
-1178.5453
-242.4894
-1.4293861
-407.42944
-118.006165
136.49521
-809.6759
-26.35685
88.637474
-1214.7317
-126.55387
140.36339
9.481316
86.21613
492.4322
-65.03301
95.970985
753.5039
-73.80008
297.62585
-140.36339
-9.481316
-86.21613
-460.7755
-93.48902
-227.20828
-783.599
-128.17043
-286.2185
-42.94604
228.89201
58.00083
38.282097
-218.38483
-38.3086
147.73532
-396.9596
-23.108505
37.715767
-778.1592
-201.45528
66.20377
-1192.4569
-264.27127
-6.734993
-407.3939
-117.98948
145.66107
-813.0492
-79.98671
83.40796
-1217.7811
-173.3497
147.71507
10.302096
72.79508
500.354
-59.27901
52.688896
777.1981
-68.767265
232.04135
-147.71507
-10.302122
-72.79508
-474.85626
-97.3087
-195.30432
-800.0534
-132.5389
-238.95816
-42.07004
227.2206
64.8144
37.268566
-217.30771
-44.871037
149.95245
-394.49963
-42.553577
-62.73758
-747.4549
-181.87523
-55.79415
-1166.9491
-201.27646
-12.692627
-405.84305
-122.70613
153.68922
-802.35376
-56.969208
104.35562
-1206.4984
-160.08705
153.33705
14.54077
59.171898
500.50208
-64.65961
6.221615
785.57947
-66.21879
172.43965
-153.33705
-14.540744
-59.171898
-480.17914
-121.252655
-165.88089
-807.9278
-153.39471
-187.04031
-45.81223
223.44011
74.670975
40.895172
-214.76114
-53.200027
159.66116
-387.51855
-65.42769
-75.763
-735.63293
-177.75243
-72.30009
-1155.5072
-187.42838
-9.031189
-403.51544
-130.52505
160.56313
-800.8159
-79.38719
117.55002
-1205.6035
-182.81271
156.40631
18.434523
49.216156
497.1062
-66.473236
-30.246086
803.7143
-67.33354
91.78157
-156.40633
-18.4345
-49.21616
-489.02057
-134.65712
-123.108505
-816.81525
-171.67538
-114.147385
-44.180767
223.65657
75.00536
42.298527
-214.2452
-54.174046
163.82861
-384.49625
-72.74858
-65.11371
-746.72156
-147.60336
-63.38483
-1166.6902
-152.43411
-8.0075035
-404.7494
-126.8201
171.44179
-799.00964
-87.048134
129.64345
-1205.5776
-183.77109
158.67561
21.67213
39.716137
497.44733
-43.09199
-63.431087
811.2356
-35.243954
38.428165
-158.67561
-21.67213
-39.716137
-501.82843
-126.22026
-69.97883
-828.8097
-156.78159
-37.58637
-44.50485
223.3635
75.68396
42.92278
-213.98158
-54.722176
166.76495
-381.8671
-78.75487
-14.650223
-767.44226
-166.19226
-12.796573
-1187.4161
-170.48822
-8.757954
-405.84027
-122.68798
144.9934
-812.50006
-137.29367
101.53999
-1222.0289
-219.74335
160.66228
24.355566
28.625824
498.47046
-24.89662
-85.65399
814.85706
-12.897668
7.381233
-160.66228
-24.355593
-28.625824
-507.8806
-119.431404
-28.717703
-828.8425
-164.41595
33.410103
-30.885908
222.58775
84.26598
40.58613
-217.07205
-43.098618
164.02202
-385.7528
-63.356686
22.92183
-787.9081
-150.4591
24.828894
-1207.8865
-154.26381
-14.707184
-412.8473
-95.20154
158.7217
-811.77747
-93.7287
121.89573
-1219.291
-188.47336
162.76613
22.14587
15.548177
491.7403
-14.039093
-126.108635
815.8823
-2.4778728
-65.295166
-162.76613
-22.145845
-15.548177
-509.3783
-115.5275
11.652089
-823.7959
-165.2373
98.66093
-27.714731
222.4567
85.70248
34.452396
-215.90103
-53.1486
150.99883
-386.7091
-89.775566
42.17344
-800.17944
-169.92746
44.080254
-1220.1616
-173.28734
-23.785805
-410.49017
-106.471886
116.571175
-818.635
-160.7184
71.96549
-1229.012
-238.18526
163.55078
20.459003
7.587694
472.5462
-20.154339
-172.6133
802.0204
-8.713556
-157.92055
-163.55078
-20.458979
-7.587694
-501.72186
-131.47289
46.41443
-808.8275
-177.20021
158.19609
-24.953987
217.92249
97.40171
29.728977
-212.2256
-68.56735
144.01352
-380.0272
-122.24858
-97.22885
-741.8644
-112.200005
-97.54859
-1161.7987
-104.78035
-34.416958
-402.34753
-130.5266
144.67326
-797.2693
-165.00137
103.2267
-1207.5713
-244.59064
163.0834
23.253273
-9.385505
470.6446
0.62521553
-195.11137
799.8091
21.58633
-205.66545
-163.08342
-23.253248
9.385506
-491.92865
-131.73917
107.83154
-784.619
-181.1037
252.03802
-27.192818
227.7812
70.542694
27.785498
-216.65523
-53.97661
140.91592
-386.19025
-104.56698
-98.66858
-748.7052
-84.38865
-98.82837
-1168.6888
-80.680595
-38.577812
-411.78345
-94.23694
145.26498
-803.2792
-140.69025
107.57886
-1212.2521
-228.55884
161.46191
24.377485
-23.680996
463.51804
36.280327
-219.18144
791.08496
55.13201
-254.45909
-161.46191
-24.377485
23.680996
-480.85184
-112.3062
164.6016
-758.8098
-159.3778
336.1347
-17.174307
224.8005
82.27863
25.61309
-217.93916
-49.71409
132.06097
-390.49976
-104.410385
-71.305374
-774.6271
-122.11179
-71.73169
-1194.6132
-118.72302
-37.2702
-416.06543
-79.575134
138.25624
-806.28265
-157.97134
106.713844
-1215.4849
-247.18274
159.44043
21.918066
-36.377853
437.65182
11.541058
-264.61182
766.93616
16.192347
-285.82907
-159.44043
-21.918066
36.377853
-460.26938
-139.21835
195.5714
-733.14795
-189.06897
374.32318
-9.3536625
223.5506
86.819565
15.6482115
-215.87103
-61.480343
114.74219
-386.62347
-133.06235
-130.08621
-744.74585
-100.93065
-130.3635
-1164.7441
-102.09157
-56.97933
-410.22986
-93.88249
116.457596
-800.02185
-178.77585
87.84755
-1207.8235
-275.10474
157.53854
22.734291
-43.47137
399.90082
9.544497
-309.3408
725.1559
17.456743
-364.5363
-157.53854
-22.734268
43.47137
-442.3266
-149.93753
223.23535
-702.2207
-199.03552
420.57883
-1.8707312
219.31136
97.462944
10.226291
-212.25601
-73.94461
104.836395
-378.81
-160.01834
-113.69046
-751.2884
-107.76082
-113.82909
-1171.288
-108.34116
-67.13935
-403.62784
-112.563126
120.08828
-787.5972
-194.65036
91.828514
-1195.5903
-290.26974
154.19197
24.909252
-53.191772
363.6927
2.654232
-345.10645
680.494
17.870636
-436.2404
-154.19197
-24.909222
53.19176
-426.6587
-155.48775
248.92409
-652.7933
-209.4675
483.12347
2.3498263
215.71677
105.17012
4.855043
-208.79462
-83.703255
93.32253
-371.10675
-183.34396
277.0725
-756.82043
-265.11142
258.46204
-1167.0714
-353.133
-75.43016
-398.3683
-125.12932
108.31981
-784.082
-206.8967
89.70935
-1194.333
-294.91833
150.20891
27.142431
-62.654392
328.5418
3.854248
-374.51178
639.0994
11.598751
-485.84006
-150.20891
-27.142431
62.654392
-384.94565
-161.78235
300.07965
-581.40643
-228.27396
556.7546
8.145923
213.9036
108.53062
-0.051180925
-206.41452
-89.543526
82.02949
-365.54718
-199.26843
223.582
-766.3411
-291.7461
200.39969
-1178.1373
-371.03314
-82.21814
-395.22638
-130.75847
105.738495
-779.5677
-209.36533
76.59789
-1188.9174
-298.7169
144.2019
32.0127
-73.52551
290.1075
-5.156887
-400.527
589.9912
1.5554228
-538.094
-144.2019
-32.01265
73.52551
-361.07043
-170.25706
325.43127
-527.2572
-244.44553
600.70935
15.592305
208.26848
118.24179
-6.4852896
-201.27591
-100.354095
67.335464
-353.10202
-225.25136
-114.35031
-718.08167
-73.57681
-111.863495
-1125.9377
-173.81305
-91.22421
-388.3022
-144.40512
98.76796
-772.92816
-216.45242
60.360542
-1180.1223
-311.93958
137.24162
38.07369
-83.30744
247.1778
-15.721199
-421.8634
528.7516
5.8647957
-592.5979
-137.24162
-38.07366
83.30744
-318.28485
-188.91592
355.46542
-468.766
-250.08644
642.71716
22.647953
200.87839
129.36363
-12.682773
-195.68387
-110.32662
50.908054
-340.35983
-248.62006
-142.38675
-719.72
-159.46844
-128.1816
-1128.762
-253.71745
-97.69927
-381.58664
-158.41354
55.407204
-780.6723
-239.12317
9.95813
-1189.2106
-325.32574
129.29872
44.66592
-92.25939
212.47359
-23.737598
-435.7749
481.40796
1.5848465
-625.3351
-129.29872
-44.66592
92.25939
-281.25766
-206.02206
375.93646
-399.2265
-258.2337
679.6753
30.12046
196.2994
134.75648
-19.57337
-189.76057
-119.301346
34.035385
-325.75195
-270.07416
-145.02591
-720.05994
-229.04646
-121.84011
-1130.3903
-315.59943
-106.23468
-374.20795
-169.98648
53.678467
-769.65344
-255.28387
6.0327454
-1179.9536
-331.33398
117.85063
45.851757
-105.98984
184.62222
-12.748264
-454.856
442.00424
7.2398624
-660.41614
-117.85063
-45.851757
105.98984
-203.41455
-250.8538
389.2794
-277.52216
-333.8955
699.9434
36.619957
200.70407
126.39962
-25.714312
-193.31398
-112.220665
17.473978
-330.79254
-264.97675
-94.25536
-686.5808
-41.02072
-68.051125
-1072.9902
-203.50497
-112.187355
-381.23956
-148.36484
97.60284
-755.1997
-221.62378
61.295517
-1166.4894
-298.58194
105.132835
43.266594
-119.58297
162.28224
-0.7923355
-472.27655
393.44437
30.46533
-705.7011
-105.132835
-43.266594
119.58297
-135.63696
-291.61868
378.40866
-172.83725
-406.20538
685.6318
42.79832
206.80052
114.02565
-31.218452
-199.33961
-99.5697
0.43465614
-343.2204
-249.22397
-94.56793
-701.9647
-22.283447
-53.847687
-1090.6038
-176.23679
-115.403694
-390.89285
-117.464
92.531425
-758.46277
-221.7727
58.509434
-1171.0537
-292.56262
95.72144
41.141003
-127.944595
123.717316
6.3167953
-485.16095
324.0329
46.446655
-744.3197
-95.721466
-41.141003
127.944595
-93.59575
-323.36374
351.43018
-101.04173
-468.24625
647.8313
45.654236
210.26129
106.329094
-28.322721
-205.45012
-87.25294
0.51122093
-355.719
-231.0857
-68.64203
-730.8885
-22.062515
-51.79377
-1144.5157
-92.97532
-104.8294
-400.99432
-90.28408
87.788536
-766.02905
-227.66309
66.206894
-1180.3467
-293.04712
97.11838
37.084553
-128.13179
81.102356
11.957975
-486.89655
250.08292
51.40905
-767.59064
-97.11838
-37.084553
128.13179
-79.06486
-343.97995
315.4532
-63.441814
-516.75867
596.1727
47.097607
210.94566
104.32516
-30.22968
-207.00511
-82.82542
-1.4854832
-360.0501
-223.71893
-118.67849
-744.5254
-57.377182
-92.75816
-1158.5471
-123.05914
-109.708084
-401.3749
-80.93698
4.529442
-790.7649
-237.62207
2.4067888
-1206.663
-296.13953
105.853
29.796291
-123.01351
39.33934
20.74837
-476.69992
175.96637
59.252274
-774.61017
-105.853
-29.796291
123.01351
-82.12299
-354.17032
277.34558
-49.312973
-551.883
539.51575
48.77804
212.95726
99.347404
-30.011444
-209.43666
-76.55458
3.2555428
-369.05426
-208.90082
-66.852554
-790.537
-127.27869
-57.106773
-1209.7336
-151.3457
-113.74283
-401.98782
-72.93526
-183.85092
-823.4705
8.686913
-174.10515
-1242.6671
-15.380201
108.13259
24.31314
-122.23425
-2.6778717
30.847809
-464.6935
95.97144
60.6617
-778.189
-108.13259
-24.31314
122.23427
-84.16101
-360.41626
248.96251
-39.123474
-579.9341
491.20935
50.79427
216.64426
89.917786
-31.300283
-211.60393
-69.77871
2.0813885
-376.12503
-195.94714
-84.84761
-802.2201
-185.397
-43.055153
-1218.3488
-224.00206
-117.32494
-402.97308
-60.968945
-204.25397
-829.06824
-50.418896
-162.4615
-1245.1969
-89.024025
61.32167
28.989326
-150.41368
-44.233177
37.33124
-494.4901
23.908485
59.451694
-816.6196
-61.321663
-28.989326
150.41368
-30.69833
-374.15842
247.98676
22.519539
-612.43494
470.00516
45.98863
225.3882
68.44858
-35.691784
-214.98096
-55.984653
-30.134594
-377.29282
-189.11606
-60.392044
-807.9458
-242.47816
-27.713627
-1224.4608
-285.45944
-100.68092
-410.64313
-16.075638
-130.93839
-841.296
-69.43783
-98.259964
-1257.811
-112.41911
11.19122
34.667286
-160.92834
-96.28375
29.134586
-504.46658
-44.85806
54.311497
-829.4612
-11.19122
-34.66731
160.92834
81.48486
-340.40863
326.86017
179.8487
-523.1188
583.4563
37.042313
229.39076
60.06451
-31.604979
-217.3109
-49.01119
-52.486763
-383.3108
-175.92847
-55.16065
-808.59485
-267.3139
-38.82676
-1227.7268
-288.79742
-64.3551
-420.07562
-5.263172
-67.02899
-845.3597
-96.64862
-50.695107
-1264.4917
-118.13216
-15.0377655
38.398315
-159.76369
-140.91476
24.971422
-496.77216
-109.8874
48.708145
-824.45166
15.037767
-38.398315
159.76369
118.30574
-297.60443
387.2454
249.30275
-442.10938
653.43726
35.281372
230.01044
58.74034
-28.099936
-217.6438
-49.66454
-59.816612
-383.83765
-174.05768
-67.04458
-808.93933
-266.0433
-58.89171
-1228.7233
-276.76663
-44.38514
-423.24127
-10.111149
-51.613102
-848.3429
-102.09674
-43.460228
-1268.1268
-112.82007
-35.09513
36.148636
-157.11972
-186.41086
21.437183
-483.44336
-171.13585
45.50273
-812.21
35.09513
-36.148636
157.11972
142.74619
-263.61884
414.54654
302.1204
-386.3798
676.1371
36.62386
231.45293
51.848175
-29.44797
-218.73286
-43.746468
-73.347046
-383.81097
-165.90244
-85.43134
-813.12335
-234.9665
-81.35999
-1233.0695
-240.32117
-35.276993
-423.02393
4.535866
-47.361298
-852.3363
-64.528206
-43.289955
-1272.2825
-69.88287
-50.07474
39.348843
-152.2143
-226.45808
8.140156
-464.48813
-242.27322
33.017387
-793.1688
50.074745
-39.348843
152.2143
165.60828
-247.30954
422.40747
355.09283
-352.24344
671.3743
35.67563
230.59885
56.13754
-28.872948
-218.15598
-46.89691
-80.47339
-380.83316
-169.26329
-50.464333
-814.5383
-184.23897
-13.654781
-1232.5001
-165.45128
-25.998596
-423.6396
-3.6739311
4.0104523
-857.3447
-18.649658
40.820007
-1275.3065
0.13810539
-62.49156
40.28304
-147.2993
-252.25462
-11.939564
-448.7339
-312.58923
22.31425
-771.35815
62.491566
-40.283035
147.29929
197.10103
-235.57248
418.11716
408.75092
-327.88245
653.87805
33.251568
231.03923
55.814053
-28.051704
-218.08043
-47.73918
-86.23961
-379.0185
-169.4483
-29.614666
-808.3563
-128.36786
-9.413324
-1227.6702
-115.41445
-17.00729
-423.64676
-6.2601967
39.617653
-852.9846
34.82022
59.818993
-1272.2985
47.77362
-80.56409
34.72115
-139.74574
-285.75778
-15.226643
-431.29468
-375.82202
26.977345
-745.94885
80.56409
-34.721123
139.74574
239.02608
-221.67426
403.4469
466.5619
-301.5
628.73627
35.390976
233.61955
42.06411
-29.266203
-219.87022
-37.75668
-99.40752
-383.89508
-148.55397
-1.0235748
-801.0979
-74.47703
-6.9558344
-1220.9564
-83.62227
-8.032316
-423.2755
9.94455
90.35162
-840.47833
84.02154
84.41936
-1260.3369
74.87639
-97.38488
29.12844
-129.97198
-328.9146
-18.96482
-401.4145
-453.84296
26.260418
-703.48663
97.38488
-29.12844
129.97198
305.04977
-170.23398
387.973
586.7977
-223.23346
551.4024
35.988724
235.52872
28.827675
-28.972807
-221.37508
-27.904423
-108.25211
-390.02594
-124.71185
24.789497
-797.48047
-50.511093
14.111314
-1215.4022
-90.85145
1.8514881
-422.95862
22.234802
134.89308
-830.4131
96.43563
124.21491
-1248.3348
56.09523
-106.55218
25.021269
-123.472946
-355.71872
-13.827021
-380.39087
-499.46564
31.875868
-673.90076
106.55218
-25.021269
123.472946
341.67804
-164.97406
357.41534
634.20764
-198.53055
506.41336
36.152084
236.36542
20.601454
-27.118864
-222.30826
-21.647337
-109.19294
-394.9701
-108.54809
60.11268
-792.16626
-55.67272
30.20453
-1210.115
-84.38365
9.431879
-422.82635
28.914911
-78.16786
-765.05853
-224.9126
-50.78109
-1180.7476
-278.32217
-114.78885
23.30367
-116.21299
-380.72888
-7.740776
-356.8624
-540.8701
35.412617
-642.15625
114.78885
-23.303627
116.213005
370.6192
-153.80594
333.28436
672.0816
-179.24675
465.0917
33.635284
237.08717
16.072893
-25.184988
-222.70917
-19.782398
-109.89471
-396.97943
-100.74005
82.74297
-786.1736
-75.36966
29.803265
-1202.8093
-78.84299
17.192514
-422.7798
27.923996
-118.84957
-738.2098
-238.94948
-105.19352
-1157.1421
-265.58148
-120.579254
21.513645
-110.55681
-398.8037
-14.037079
-336.22754
-584.41187
35.401726
-604.5658
120.579254
-21.513643
110.5568
395.58344
-143.56538
308.23346
709.8281
-178.05687
402.89392
31.64716
237.54153
13.133118
-23.525196
-223.06177
-17.748594
-109.87808
-398.76886
-93.710396
83.248566
-788.4797
-86.46054
33.592026
-1205.0259
-65.88065
23.260555
-422.52335
28.361773
-159.21729
-724.0582
-226.59618
-152.41173
-1143.7933
-239.86841
-126.352936
20.648329
-104.0845
-418.80188
-19.911535
-310.06635
-618.81903
28.97999
-567.94763
126.352936
-20.648329
104.0845
415.31305
-139.37993
282.98346
732.82434
-185.88737
359.9488
31.138147
237.64217
12.514468
-22.691689
-223.22624
-16.737175
-111.48106
-399.59152
-88.23359
82.5619
-788.8102
-97.24178
41.683216
-1206.5667
-82.80409
27.92561
-422.37302
26.603878
-164.41028
-717.204
-228.94765
-161.01471
-1137.1381
-235.56966
-132.77496
19.752083
-95.94615
-435.24313
-25.946682
-285.74768
-656.6213
16.718758
-526.7277
132.77496
-19.752108
95.94615
436.03082
-137.30836
250.2718
752.15607
-187.3584
330.6449
29.47782
237.9191
11.205711
-22.189985
-223.3812
-15.27915
-114.06347
-400.40002
-81.03321
85.72297
-786.1151
-104.14684
53.630463
-1204.0112
-77.07335
32.350838
-422.1812
24.769106
-166.55432
-718.9186
-223.44186
-164.85854
-1138.9021
-226.74908
-137.84933
19.263376
-88.60861
-446.41492
-36.911087
-265.33353
-684.6144
8.069679
-489.2481
137.84933
-19.263376
88.60861
457.04608
-129.24715
213.57663
782.0415
-172.27304
251.34924
28.43944
238.08812
10.259209
-21.64585
-223.45982
-14.905171
-115.80282
-400.8569
-76.26264
80.79792
-788.30914
-97.56767
75.47813
-1208.2695
-99.78637
36.087273
-422.0824
21.371109
-166.40811
-719.3523
-223.274
-165.56075
-1139.3481
-224.92662
-142.1399
19.323957
-81.53425
-461.17365
-34.376236
-239.43848
-711.6388
7.710026
-450.14197
142.1399
-19.323933
81.53425
473.3259
-118.905106
181.53139
801.08655
-156.09955
172.06802
28.348816
238.148
9.048785
-22.085257
-223.44632
-14.45624
-118.97638
-400.79813
-71.53905
80.39429
-786.6118
-96.52181
87.4498
-1206.1305
-115.344666
37.64274
-422.09058
18.300875
-168.69394
-727.0564
-213.31528
-168.27039
-1147.0554
-214.14136
-146.21983
18.958565
-74.06304
-471.0224
-36.733086
-218.98273
-729.2556
-0.3582077
-421.20163
146.21983
-18.958614
74.06304
484.88477
-118.390656
144.91034
811.28406
-150.54941
108.45018
27.378115
238.33116
6.977749
-22.163872
-223.5011
-13.454228
-121.381966
-401.09113
-65.58438
82.72489
-784.2713
-92.756775
95.57539
-1202.9705
-123.18575
39.760246
-421.9845
16.0372
-170.2265
-727.7247
-211.23686
-170.01476
-1147.7244
-211.6499
-150.13287
18.739233
-65.83282
-476.63458
-44.908096
-203.47598
-740.95215
-7.267906
-397.43332
150.13287
-18.73926
65.83282
494.51083
-116.15381
104.746
821.089
-144.86855
67.03433
26.414986
238.47112
5.811573
-22.199312
-223.52446
-13.000164
-124.19083
-400.85114
-60.46584
83.164825
-782.12427
-89.78214
95.894684
-1200.3505
-126.17996
42.50345
-421.6575
12.628807
-117.51338
-770.96625
-191.33932
-117.30815
-1190.9661
-191.70526
-153.79564
20.361073
-56.190125
-481.70947
-55.030544
-184.20811
-756.4281
-18.595886
-363.37897
153.79564
-20.361073
56.190125
500.3305
-117.4389
65.65015
828.0132
-142.81355
35.98161
28.333345
238.03636
11.657911
-23.09162
-223.11528
-17.64496
-127.58416
-399.3905
-63.561867
85.132866
-777.1094
-99.685745
93.40561
-1195.4937
-135.54808
42.58161
-421.91876
-1.3909798
-173.97025
-732.467
-215.61072
-173.6024
-1152.4661
-216.37747
-156.91307
20.12658
-46.885036
-488.76135
-65.72831
-156.91081
-763.6732
-27.524715
-335.4156
156.91307
-20.126558
46.885044
502.72858
-120.17226
45.29929
830.406
-138.72353
10.899166
27.71521
238.00708
13.583137
-23.054152
-223.04245
-18.589642
-129.04312
-399.51697
-60.09962
94.45929
-771.87976
-84.952576
95.532745
-1189.2192
-132.13919
44.156967
-421.7326
-8.348049
-171.00871
-743.71295
-206.4828
-170.8248
-1163.7128
-206.86607
-158.8631
19.683983
-40.00066
-495.54257
-69.57001
-130.99881
-771.8918
-38.55978
-308.67688
158.8631
-19.683983
40.00066
504.74222
-118.014824
22.71773
831.07245
-135.46361
-23.153082
26.905716
237.98003
15.542963
-22.509634
-222.94772
-20.313309
-129.02882
-399.64423
-59.454216
99.96242
-768.7046
-83.587395
95.51413
-1186.0925
-130.14369
46.138336
-421.34836
-15.348415
-163.99251
-750.7223
-206.61473
-163.90056
-1170.7222
-206.80647
-160.82541
18.637482
-31.825031
-499.5528
-74.898506
-110.022
-787.4991
-52.26484
-269.62976
160.82541
-18.637482
31.825031
506.9797
-114.86737
9.087173
832.23346
-136.90784
-42.13974
25.539993
238.1413
15.376273
-21.771627
-222.99738
-20.571144
-128.64189
-400.38232
-55.404045
-13.518059
-810.5994
-143.11624
-15.745071
-1229.9463
-166.42459
48.4581
-420.9058
-20.35844
-54.985443
-820.791
-156.79985
-51.86816
-1239.2078
-193.10083
-162.00638
17.746021
-25.768332
-500.7785
-84.25189
-92.32549
-797.6833
-56.215523
-233.61063
162.00638
-17.74602
25.768328
506.3514
-114.66973
-14.633303
832.6382
-131.85266
-60.91179
23.830643
238.2629
16.214209
-21.0087
-222.98466
-21.481745
-127.96888
-400.79895
-53.755653
-51.85199
-813.1941
-169.34758
-52.964916
-1233.031
-180.99542
50.6027
-420.3595
-25.35255
15.51371
-844.2273
-116.62038
6.9621687
-1260.6268
-170.82616
-162.74304
15.996
-21.996178
-504.75488
-86.23873
-68.64333
-802.1151
-60.75139
-209.45279
162.74304
-15.996
21.996178
502.00552
-115.35139
-46.043983
830.5174
-134.98161
-70.42854
21.033968
238.66592
14.005155
-19.282259
-223.30267
-19.725893
-125.25439
-402.31348
-48.44941
-79.53157
-815.2864
-177.2431
-80.08773
-1235.2456
-183.06392
54.251053
-419.95706
-24.187525
52.348156
-848.71075
-97.61559
34.9651
-1265.2522
-148.51738
-163.6025
15.011889
-15.292693
-506.2458
-88.80427
-52.946033
-811.0309
-69.427635
-177.96828
163.6025
-15.011892
15.292695
501.9969
-114.31573
-57.01217
821.2337
-133.3456
-138.41058
20.49128
238.81168
12.210182
-18.783485
-223.45772
-18.407368
-124.85166
-403.1168
-42.32711
-93.98636
-814.8954
-179.11432
-94.26434
-1234.8853
-182.0236
55.688484
-419.6829
-25.451149
64.27783
-848.9989
-95.01397
49.45646
-1265.7666
-144.86333
-163.99525
14.239552
-11.304503
-507.95764
-89.27666
-35.268417
-815.18256
-73.432724
-154.69124
163.99525
-14.239552
11.304503
502.37268
-105.73187
-70.73127
807.29065
-131.4682
-194.27344
20.9337
238.78691
11.941149
-18.113815
-223.486
-18.732288
-123.81721
-403.6058
-40.72426
-98.91533
-816.4005
-175.65173
-99.05429
-1236.398
-177.10616
57.118355
-419.31628
-28.251936
71.979866
-848.817
-95.581345
55.3079
-1265.3627
-146.68716
-164.27472
13.962838
-6.6224685
-509.05075
-88.29228
-23.15742
-819.08105
-74.045815
-135.31018
164.27472
-13.962838
6.6224685
501.80173
-101.14052
-83.241875
798.7006
-128.20132
-224.72958
20.05997
238.87947
11.584481
-18.238544
-223.47403
-18.754122
-124.22662
-403.72137
-38.181656
-101.88771
-818.86273
-166.18008
-101.95718
-1238.862
-166.90707
57.07059
-419.13104
-30.872784
71.334114
-847.64685
-104.32858
57.43685
-1266.5242
-131.6897
-164.39685
13.876494
-2.474233
-509.9612
-86.32054
-14.549832
-818.7505
-73.77547
-130.27272
164.39685
-13.876494
2.474233
500.89636
-98.89283
-93.13066
796.7256
-122.884476
-237.38545
19.869102
238.90471
11.391028
-18.581665
-223.45787
-18.608967
-124.930885
-403.73627
-35.6251
-99.72495
-819.9528
-159.53412
-99.75968
-1239.9526
-159.89761
56.511856
-419.05157
-32.89444
71.90447
-846.80023
-110.47763
60.287537
-1266.3223
-126.797005
-164.44305
13.493448
1.1863185
-509.80624
-87.94412
-4.703319
-818.74896
-79.444534
-120.38451
164.44305
-13.493448
-1.1863185
499.4146
-99.80291
-100.90962
794.5227
-120.23859
-247.17505
18.852186
239.08002
9.2377825
-18.470282
-223.55678
-17.499012
-124.76046
-404.12436
-31.561157
-98.65585
-822.4137
-148.08403
-98.673225
-1242.4136
-148.26578
56.75231
-419.0185
-32.87074
72.89863
-847.9626
-103.377945
59.68882
-1266.5615
-135.00745
-164.42108
13.228662
3.9636073
-506.71704
-98.27517
4.5765142
-817.72485
-84.19576
-104.858
164.42108
-13.228662
-3.9636073
497.0706
-103.4555
-107.90309
791.0968
-121.432755
-256.64917
18.901503
239.05623
9.738939
-18.418228
-223.5181
-18.039566
-124.66093
-404.1944
-31.022978
-98.70039
-822.00586
-149.27975
-98.709076
-1242.0059
-149.37064
56.84514
-418.7976
-35.398575
74.31523
-848.04346
-103.72
55.60125
-1265.5387
-145.52283
-164.39775
12.762762
5.9571705
-505.56763
-101.98552
11.951138
-816.79846
-86.43725
-96.64725
164.39775
-12.762787
-5.9571705
497.39136
-98.536705
-112.5315
791.3903
-121.00366
-260.71997
17.834524
239.08781
10.905777
-18.013367
-223.53856
-18.194407
-123.91422
-404.4825
-30.206747
-96.53924
-823.0502
-145.4313
-96.54359
-1243.0502
-145.47662
57.59005
-418.5733
-36.78399
75.390945
-849.36914
-94.430115
56.52041
-1264.8466
-152.93132
-164.34302
12.433896
7.8596416
-505.2817
-101.24945
28.762056
-814.4903
-91.97198
-86.14652
164.34302
-12.433896
-7.8596416
496.37454
-100.31187
-115.713806
793.65753
-118.870804
-257.76447
16.99797
239.11287
11.666184
-17.793846
-223.5367
-18.43179
-123.49019
-404.65466
-29.592735
-97.10516
-823.57654
-143.75618
-97.10733
-1243.5765
-143.77884
57.975113
-418.38397
-38.27118
73.456024
-849.44104
-94.6194
57.00255
-1265.3734
-150.5615
-164.38635
11.5700035
8.26185
-506.05795
-99.01306
33.39965
-822.0833
-93.97933
-61.482605
164.38635
-11.5700035
-8.26185
496.08356
-97.43829
-118.73176
792.9245
-118.13875
-261.4095
15.84005
239.18254
11.866359
-16.660751
-223.63309
-18.320927
-121.43476
-405.3053
-29.165932
-93.911545
-824.6852
-141.36203
-93.91263
-1244.6852
-141.37314
60.092117
-418.08173
-38.28926
74.9103
-848.4474
-99.858505
58.67797
-1265.0797
-150.39581
-164.40717
11.009959
8.606242
-506.77652
-97.68927
32.43275
-825.40137
-94.30182
-53.396732
164.40717
-11.009959
-8.606242
496.43237
-90.75021
-122.6271
793.0071
-114.688126
-265.35214
15.79544
239.125
13.028444
-15.98217
-223.60413
-19.25522
-120.204025
-405.55725
-30.695118
-98.620346
-825.052
-143.75829
-98.62089
-1245.052
-143.76384
61.360306
-417.7162
-40.199417
72.2437
-847.91205
-103.74527
62.163155
-1265.4022
-148.4701
-164.43086
10.3186
9.001173
-505.4765
-102.10542
34.47142
-826.0189
-102.99219
-43.96199
164.43085
-10.318649
-9.001172
495.30188
-92.079796
-124.929886
793.71063
-117.24477
-263.56232
14.381144
239.22403
12.846773
-15.073798
-223.69511
-18.92816
-118.54873
-406.1043
-29.874617
-99.04587
-826.09875
-141.45108
-99.046135
-1246.0988
-141.45396
63.049736
-417.50027
-39.815414
70.58621
-847.3427
-106.17571
60.37724
-1265.6543
-142.38712
-164.50607
9.977382
7.949854
-503.72757
-105.05977
43.93933
-822.5731
-104.44288
-41.13183
164.50607
-9.977382
-7.949854
497.59406
-89.98356
-118.63596
789.59894
-117.8851
-269.8135
13.66122
239.579
3.9081016
-14.231253
-224.16394
-13.152838
-117.06444
-407.14172
-19.821243
-100.06132
-828.1703
-127.853096
-100.06145
-1248.1703
-127.85465
64.66915
-418.16394
-28.603636
72.37634
-847.7751
-96.42582
62.1886
-1266.8132
-122.944214
-164.44316
9.426762
9.725372
-502.1128
-105.162766
59.207554
-816.7651
-105.762886
-40.258984
164.44316
-9.426712
-9.725372
499.18073
-87.99413
-116.392746
787.51044
-116.98253
-274.27136
12.580676
239.66994
0.21886924
-13.516579
-224.3183
-11.11754
-115.704956
-407.73508
-15.094607
-105.90672
-827.6052
-128.39977
-105.90679
-1247.6052
-128.40065
65.940346
-418.14795
-25.837349
68.10308
-846.0307
-104.17422
61.48304
-1265.715
-119.049095
-164.40904
9.051528
10.617783
-498.0042
-112.55712
69.99457
-810.5403
-108.51092
-35.858223
164.40904
-9.051528
-10.617783
498.78644
-90.41627
-116.31324
788.22815
-118.005066
-272.39777
12.246536
239.67537
-2.3948958
-12.929154
-224.4536
-8.855377
-114.597855
-408.1952
-10.438013
-107.815025
-826.33813
-130.16881
-107.815056
-1246.3381
-130.16925
66.9956
-418.1928
-22.165506
67.76259
-846.9434
-95.631935
62.84511
-1265.5708
-129.20259
0.0
0.0
0.0
1.01
1.01
1.01
1.0099999
1.0099999
1.0099999
0.45288962
0.45288962
0.45288962
0.42999992
0.42999992
0.42999992
0.9999998
0.9999998
0.9999998
0.0
0.0
0.0
0.0
0.0
0.0
1.02
1.02
1.02
1.0099999
1.0099999
1.0099999
0.0
0.0
0.0
0.0
0.0
0.0
0.0
0.0
0.0
0.0
0.0
0.0
0.4765755
0.4765755
0.4765755
41
70
false
turning right
